-36.392868	-48.889214	37.44519
-36.685181	-48.699211	36.392868
-36.5828	-48.406898	35.749783
-36.48056	-48.1292	35.209003
-36.816719	-48.465363	33.747444
-37.035954	-47.96843	32.797428
-22.098803	-31.277403	21.28032
-36.93364	-47.486115	42.502193
-36.655949	-46.638412	43.072201
-36.568253	-46.623795	43.291435
-36.5828	-46.375328	42.692196
-36.714409	-46.5068	43.525284
-36.655949	-46.433792	43.481438
-36.436714	-46.46302	43.686058
-36.31979	-46.389942	44.051449
-36.407482	-46.170712	44.446068
-36.290558	-46.229172	44.358376
-35.96901	-45.629932	45.08915
-36.1151	-45.425312	45.352234
-35.735165	-45.220695	45.54224
-36.21748	-45.249928	45.980705
-35.720551	-45.776089	45.615318
-36.159019	-45.352234	45.629932
-35.793625	-44.943001	45.936863
-35.837475	-44.943001	45.396084
-35.574394	-45.323006	45.513008
-35.822861	-45.132999	46.156094
-35.793625	-45.059925	45.615318
-36.21748	-45.49839	45.615318
-36.290558	-45.366852	44.562992
-36.509792	-45.863785	42.692196
-36.173634	-45.776089	41.142941
-36.144402	-45.513008	39.885998
-35.895939	-46.170712	38.5559
-35.61824	-45.761471	37.518269
-35.530548	-46.141479	36.62671
-20.534931	-29.05583	36.0274
-20.067232	-29.245836	25.285006
-34.887459	-46.083015	45.308392
-34.375916	-46.594563	45.118385
-34.39053	-46.097633	45.323006
-34.638996	-46.331482	45.54224
-34.580532	-46.536098	45.264542
-34.770535	-46.755333	45.43993
-34.507454	-46.199944	45.425312
-34.405144	-46.726105	44.88453
-34.887459	-47.193806	44.67992
-35.121311	-47.091492	44.621456
-35.340546	-47.544579	44.840691
-35.004383	-47.310726	44.636
-35.369774	-47.413036	43.729904
-35.26746	-47.398422	44.212219
-35.194389	-47.646885	44.036831
-34.858231	-47.939198	43.306049
-35.51593	-48.33382	43.437592
-35.31131	-48.216896	43.525284
-35.282082	-47.895351	42.867584
-35.048233	-47.997662	43.130665
-35.121311	-47.88073	43.5106
-35.442852	-47.924583	43.452206
-35.662086	-48.158436	41.479099
-35.472084	-48.436131	40.163696
-35.662086	-48.465363	38.672905
-35.61824	-47.909969	36.436714
-35.720551	-48.7869	35.209003
-35.150539	-48.74305	34.726688
-20.271851	-31.672024	33.586674
-20.198772	-32.110493	23.063431
-34.975155	-48.275356	43.40836
-34.843613	-47.895351	43.77375
-34.712074	-47.88073	43.9199
-35.369774	-48.246128	43.539898
-34.595146	-48.158436	43.700672
-34.463608	-48.377666	44.095291
-34.595146	-48.216896	44.0806
-34.565918	-48.085358	44.066063
-34.30283	-48.304592	44.650684
-34.668224	-48.319206	44.299911
-34.083603	-48.026894	43.905293
-34.49284	-47.77842	44.358376
-34.75591	-47.924583	44.431454
-34.638996	-48.421513	44.168369
-34.79976	-47.822273	44.73838
-34.5513	-47.42765	44.270683
-34.96053	-47.749199	44.73838
-34.682838	-47.61765	45.366852
-35.092079	-47.4715	44.78222
-35.25285	-47.500729	45.030693
-35.150539	-47.20842	44.533764
-35.472084	-46.87225	45.118385
-35.282082	-47.10611	42.969891
-35.019001	-46.989185	42.15141
-35.705933	-47.383804	40.38292
-35.501316	-47.062263	39.140602
-35.472084	-47.10611	37.532883
-35.384388	-46.989185	36.802105
-20.87109	-47.281498	35.428238
-20.16954	-29.771996	24.27652
-35.574394	-47.033031	44.826
-35.486702	-47.135342	44.869919
-35.209003	-47.237648	44.665302
-35.442852	-47.223034	44.343761
-35.472084	-47.1645	44.446068
-35.209003	-47.033031	45.059925
-35.749783	-47.252266	44.98684
-35.61824	-47.559193	45.206078
-35.121311	-47.51534	45.308392
-35.048233	-47.690735	44.28529
-35.325928	-47.179188	44.928383
-35.165154	-47.559193	44.826
-35.501316	-47.296112	45.191463
-35.019001	-47.36919	44.928383
-35.092079	-47.149956	44.709148
-35.530548	-47.193806	44.577606
-35.51593	-47.223034	44.67992
-35.325928	-47.749199	44.709148
-35.31131	-47.690735	45.323006
-35.135925	-47.383804	44.899155
-35.61824	-47.252266	44.723763
-35.779011	-47.763813	44.840691
-35.749783	-47.544579	42.926044
-35.501316	-47.793041	40.93832
-35.399006	-47.559193	39.783688
-35.135925	-47.690735	38.205204
-35.603626	-47.793041	37.255188
-35.61824	-47.96843	35.720551
-36.568253	-48.202278	34.770535
-20.359545	-31.394329	23.297281
-35.559776	-47.603043	43.583748
-36.100555	-47.398422	44.212219
-35.749783	-47.339958	44.489914
-35.603626	-47.42765	44.0806
-35.223618	-47.544579	44.665302
-35.647472	-47.456886	44.416836
-35.51593	-47.559193	44.67992
-35.238232	-47.98304	44.592224
-35.676704	-47.339958	44.723763
-35.238232	-47.807659	44.197605
-35.135925	-48.012276	44.022213
-35.442852	-48.143818	44.270683
-34.668224	-48.202278	44.4753
-34.44899	-48.202278	44.007599
-34.44899	-49.210758	43.759136
-33.864368	-49.941536	43.101433
-33.13358	-51.315403	42.268341
-31.964338	-52.192341	41.332943
-31.204325	-54.063141	39.91523
-30.108156	-55.276234	37.869045
-29.231218	-57.556271	35.340546
-28.237358	-58.871674	32.402809
-27.375036	-60.362465	27.082724
-27.053493	-62.101723	22.025724
-25.898859	-62.671734	16.924875
-24.744228	-63.168663	10.800936
-23.808828	-63.387901	5.276235
-22.610348	-63.051735	0.83309
-21.207249	-62.364803	-4.223911
-5.539316	-45.132999	-17.68488
-19.161064	-60.494	-1.505408
-17.904121	-58.155514	-5.086232
-16.705641	-55.612392	-8.228588
-15.068693	-52.455425	-12.101725
-13.753289	-48.538441	-14.27945
-11.312482	-45.308392	-16.501022
-8.725519	-41.406021	-17.27565
-6.284712	-38.234432	-17.845659
-3.858521	-35.135925	-17.699503
-0.979246	-32.06664	-17.904121
1.33002	-28.836596	-17.30488
2.733119	-25.270388	-16.5448
4.092371	-21.207249	-15.463315
6.03624	-18.678749	-13.490208
8.097048	-15.989476	-10.78632
10.91786	-13.957908	-6.781643
13.840982	-13.241742	-2.382344
15.974861	-13.05174	1.549255
17.611809	-12.71558	5.363928
19.58491	-12.21865	9.748611
20.73955	-13.329436	13.183279
21.38263	-14.527915	17.494884
22.040339	-16.384098	19.497223
22.391113	-18.547209	20.783396
22.610348	-21.294943	22.508039
21.67495	-24.028061	24.232681
21.163403	-27.360422	25.153463
19.877228	-30.502779	25.957321
18.152588	-33.805904	27.009645
32.855888	-18.357204	15.901783
15.624086	-37.372112	37.547501
14.030986	-39.608303	38.482899
13.080971	-42.136803	38.512131
11.999415	-43.817596	38.088276
10.114001	-46.126862	37.927505
8.65244	-48.114586	37.912891
6.76702	-50.350773	38.65828
4.296989	-51.987724	37.956738
1.549255	-54.077755	36.802105
-2.090032	-55.407776	37.430576
-4.706226	-56.986259	36.699795
-7.994738	-57.249344	37.313652
-10.903244	-57.366268	36.743641
-14.966384	-56.810875	37.649811
-17.538731	-56.050861	38.76059
-20.111078	-54.940075	40.704475
-22.508039	-53.434669	42.034492
-23.794212	-51.33001	42.969891
-24.349606	-49.429993	44.972229
-24.11575	-48.056122	46.199944
-24.14498	-46.579948	46.565334
-23.852674	-45.834549	47.793041
-23.34112	-45.6	46.477638
-22.11341	-45.293774	45.454548
-21.397253	-45.90762	44.577606
-19.833382	-46.053783	43.21835
-18.211048	-45.863785	42.04911
-15.931015	-46.156094	41.157555
-14.65945	-46.024555	40.163696
1.169249	-28.924292	28.047356
-13.957908	-46.477638	48.4799
-13.753289	-47.120728	47.895351
-13.38789	-48.421513	47.544579
-13.636364	-49.503071	46.740719
-13.899444	-50.745399	45.936863
-14.133294	-52.17772	43.861443
-14.104064	-54.136215	42.984505
-14.08944	-55.97778	40.87986
-14.937154	-57.483189	39.432915
-16.077169	-58.608593	37.38673
-17.962584	-59.602459	34.975155
-19.277988	-60.420929	33.148201
-20.914938	-60.815548	31.058172
-22.595732	-61.590176	28.178894
-24.714996	-61.999416	25.635778
-26.571178	-61.970184	21.83572
-28.968138	-61.444019	19.731073
-30.912014	-61.19555	17.68488
-33.68898	-60.128616	14.68868
-36.202866	-58.857059	13.650979
-38.643669	-56.767029	12.247881
-41.566792	-54.925461	11.590178
-44.402222	-52.23618	8.930138
-47.003799	-49.006138	6.620871
-49.166908	-46.6091	4.311605
-50.467701	-43.627594	2.747735
-52.294655	-39.988308	1.812336
-53.697746	-36.875183	-0.17538
-54.76468	-34.288219	-0.540778
-40.192924	-16.164865	-12.68635
-56.226246	-30.385853	0.950891
-56.577026	-28.003508	8.447823
-57.015491	-25.314236	8.477054
-56.59164	-23.121895	0.702426
-56.59164	-20.724934	8.857059
-56.606258	-17.801813	8.097048
-56.211632	-16.164865	9.602456
-56.050861	-13.344051	9.470915
-55.919319	-11.064016	10.581701
-54.720844	-9.090909	9.76322
-53.683132	-6.182403	9.923999
-53.083889	-4.823151	9.66091
-51.373871	-2.265419	8.65244
-49.54691	-0.77462	8.213972
-47.953815	1.92926	0.483192
-45.469162	4.530839	5.933938
-42.54604	6.29932	5.480854
-39.885998	8.316281	5.15931
-36.875183	9.923999	5.144694
-34.025139	11.09324	5.26162
-31.248173	12.510962	5.247004
-28.339666	12.89096	5.130079
-25.577316	13.534054	3.785443
-22.624964	14.323298	2.835428
-19.35106	14.367144	2.703888
-16.252558	14.469454	2.57234
-13.124818	14.001754	2.280035
-9.558608	13.72405	1.739258
7.278574	12.598655	2.016954
11.312482	29.143524	-7.965508
-1.388483	11.502485	14.937154
2.455422	10.187079	17.202572
4.808536	8.184741	20.154926
7.307805	6.635486	21.908798
9.047062	4.516223	24.057293
10.91786	2.16311	26.366558
13.25635	-0.906168	27.4335
15.068693	-3.610055	29.43583
16.208712	-6.430868	31.189711
17.465654	-10.610932	32.841274
18.327974	-13.607132	34.536686
19.248758	-16.997953	35.92516
19.161064	-20.14031	37.138264
19.000292	-23.589594	37.63519
18.62028	-27.287344	38.482899
17.991816	-31.072786	38.49751
16.369482	-33.805904	39.62291
14.410991	-37.372112	39.447533
12.9932	-40.68985	39.929848
11.575562	-43.130665	39.242912
9.12014	-45.995323	39.21368
7.658579	-48.1292	38.365974
5.39316	-50.496929	36.407482
2.689272	-52.630814	35.048233
-0.891552	-53.829288	33.513596
-4.282373	-54.574688	32.300495
-7.614733	-55.597775	31.379715
-10.684011	-56.2701	29.888922
2.0315	-55.817013	29.216602
-0.204619	-38.979832	17.933352
-17.991816	-54.691612	38.921368
-20.520315	-53.025429	40.9821
-22.610348	-51.286171	42.589886
-24.071909	-49.254604	44.051449
-24.685764	-47.851505	44.314529
-25.32885	-47.398422	45.586086
-25.124233	-46.448406	46.214558
-24.393454	-45.84916	46.667641
-23.472668	-45.396084	47.734581
-22.011106	-44.928383	48.085358
-20.798012	-44.943001	48.33382
-20.052616	-45.249928	47.96843
-18.897984	-46.083015	48.436131
-16.968723	-45.805321	48.363052
-15.039462	-46.433792	48.158436
-13.548671	-46.287636	49.064602
-11.955568	-46.71148	48.231514
-9.880153	-47.763813	47.486115
-8.228588	-48.4799	45.776089
-7.05934	-50.277699	44.37299
-6.284712	-51.490791	42.779888
-6.445484	-53.025429	41.201405
-6.854721	-54.45776	38.672905
-7.877813	-55.846245	35.881321
-9.353991	-57.088573	33.645134
-11.28325	-58.126278	31.613564
-13.82636	-58.973988	28.909674
-16.58871	-59.353989	26.746565
-19.482609	-59.57322	24.788074
-5.685472	-42.999123	12.832504
-23.224203	-59.514763	31.715874
-25.343466	-59.456299	31.262789
-27.87196	-59.105526	31.292021
-30.166616	-58.491673	30.152002
-32.943581	-57.468575	28.57351
-35.399006	-56.48933	27.550423
-38.672905	-54.61853	26.658873
-41.084476	-52.5285	25.9134
-43.978371	-50.71616	25.03653
-46.199944	-48.392284	25.197309
-48.4799	-45.732243	25.197309
-50.526161	-42.619118	24.510378
-52.367729	-39.62291	23.73575
-53.30312	-36.860569	22.990353
-54.706226	-34.49284	22.34726
-55.641628	-31.438175	21.923414
-56.050861	-29.377375	21.265713
-57.205498	-27.068108	20.184156
-56.79625	-23.998831	18.956446
-57.23473	-21.061092	18.737211
-56.942413	-17.904121	18.737211
-56.445484	-15.317159	19.219526
-56.094711	-12.598655	18.415668
-55.36393	-9.602456	16.837183
-54.370071	-7.161649	14.995615
-53.288513	-5.26162	12.58404
-52.002342	-2.908506	10.157849
-51.563869	-1.388483	6.708565
-49.95615	0.716165	3.054662
-34.419762	18.591055	-9.748611
-47.895351	3.025431	8.038585
-45.43993	4.42853	4.60391
-42.926044	4.574686	1.388483
-40.48523	4.486992	-2.353113
-37.766735	3.756212	-6.182403
-34.273605	3.288512	-9.207834
-30.809704	1.914645	-11.56094
-26.556564	0.380006	-14.294065
-22.391113	-1.388483	-15.697165
-17.68488	-3.186203	-16.72025
-13.197896	-4.676995	-16.530254
-7.512424	-6.328559	-15.594855
-2.0315	-8.228588	-14.352529
2.543116	-10.377083	-12.9932
6.328559	-13.05174	-11.999415
8.769365	-16.296404	-10.771705
10.844782	-19.760305	-9.149372
12.89096	-22.551886	-7.541654
14.834844	-25.621164	-5.39316
17.027184	-27.9742	-2.221573
18.167202	-30.532009	0.36539
18.94183	-33.557438	3.77082
19.0733	-36.772873	4.852383
18.737211	-39.169834	6.430868
18.927214	-41.829876	8.082433
18.00643	-44.24144	9.266296
16.647179	-46.550716	10.523239
14.907922	-49.049984	13.154049
12.71558	-51.27155	13.475593
26.761181	-35.223618	3.434668
23.589594	-36.758259	5.363928
5.115463	-55.378544	27.87196
2.16311	-56.547791	29.66968
-1.768489	-57.556271	31.33586
-5.553932	-57.147034	32.958202
-10.026308	-57.059341	35.501316
-13.870214	-56.050861	37.44519
-18.254896	-55.01315	39.695995
-22.040339	-53.449284	40.9821
-24.700378	-51.958488	40.865246
-27.725809	-50.409241	41.932182
-29.903538	-48.84536	42.516808
-30.853552	-47.20842	43.905293
-31.876644	-45.162235	44.855305
-32.695118	-43.627594	44.621456
-33.659748	-42.721428	45.556854
-34.05436	-41.596024	47.091492
-33.367435	-40.894474	47.325344
-31.86203	-39.929848	48.596901
-31.248173	-39.944462	49.108448
-30.941244	-40.076004	49.356915
-29.362759	-40.67524	49.3423
-27.901199	-42.136803	48.626133
-26.045015	-44.022213	46.828415
-23.969599	-45.673779	44.533764
-21.952646	-47.252266	42.882198
-20.344929	-48.436131	40.850628
-17.962584	-49.766151	38.439053
-15.492546	-51.724644	35.048233
0.657702	-35.428238	30.415081
2.864659	-36.919029	21.10494
-10.377083	-54.326218	40.426
-9.12014	-55.349316	38.541363
-7.629348	-55.963169	37.737503
-5.846244	-56.284714	37.211342
-4.808536	-56.109325	36.641331
-3.390821	-56.007015	36.52441
-1.943876	-55.773163	35.866703
-0.482315	-55.758549	35.486702
0.482315	-55.904705	34.668224
1.256942	-56.547791	32.797428
1.914645	-57.366268	30.40046
2.133879	-57.848583	27.60888
2.0315	-58.696289	24.130371
1.578486	-59.120144	21.70418
0.906168	-59.938614	19.862614
0.336159	-60.011692	18.254896
-0.190003	-60.37708	16.58871
-1.549255	-60.859402	15.054078
-2.5285	-61.327099	12.978661
-3.800058	-60.917862	11.61941
-4.676995	-61.458633	10.391698
-6.781643	-61.283249	8.25782
-8.345513	-61.297863	6.577024
-9.090909	-61.283249	4.647764
-10.172464	-61.327099	3.916983
-11.224789	-61.838646	4.79392
-11.122478	-62.01403	5.685472
-10.581701	-62.525578	6.810874
4.56	-45.454548	0.541654
5.831628	-45.206078	-3.566209
-7.892429	-61.531715	17.626425
-5.451622	-60.684013	18.254896
-3.72698	-60.274773	19.731073
-3.098509	-59.997074	21.338789
-2.601578	-59.98246	22.434959
-2.221573	-59.69014	23.531132
-2.265419	-59.339375	24.349606
-2.616194	-59.397835	25.416544
-2.966969	-59.32476	24.890383
-3.551593	-60.128616	24.612686
-3.434668	-59.938614	23.151125
-3.566209	-59.894772	22.084185
-2.733119	-60.245544	20.125694
-2.455422	-60.479389	18.474131
-2.57234	-60.201691	16.194096
-2.090032	-60.274773	14.571762
-2.119263	-60.070156	12.803274
-2.148495	-59.909386	11.692488
-1.9731	-60.771706	12.744811
-2.250804	-61.122478	14.951769
-2.20695	-61.604794	17.085648
-2.9962	-61.780178	17.626425
-3.493131	-61.487873	17.129494
-4.413914	-61.268635	16.72025
-5.173926	-61.224789	16.077169
-6.182403	-61.663258	14.498685
-7.307805	-61.736332	12.700965
-8.506285	-61.473255	10.245543
6.007015	-60.201691	8.082433
4.253142	-45.3814	-3.478515
-13.914061	-62.21864	17.567963
-17.173342	-61.809414	18.167202
-18.94183	-61.458633	19.482609
-20.432623	-61.69249	21.00263
-21.821106	-61.122478	21.864952
-23.458054	-60.59631	23.428822
-25.59193	-60.099388	24.641918
-27.068108	-58.857059	27.389652
-28.412745	-58.11166	29.552763
-29.201988	-56.69394	31.613564
-30.8974	-55.203159	33.279743
-32.139725	-53.756214	35.179771
-33.864368	-51.286171	37.562119
-34.843613	-48.74305	39.593685
-35.96901	-46.083015	42.107571
-36.188248	-43.335281	44.489914
-36.641331	-40.368313	45.922245
-36.378254	-37.401344	47.062263
-37.138264	-34.682838	47.909969
-37.927505	-31.803566	47.997662
-37.869045	-29.187372	49.269218
-38.278282	-27.0388	48.626133
-38.409824	-25.504238	47.325344
-38.044434	-23.91113	46.784565
-37.079803	-21.192635	46.71148
-36.363636	-17.860275	46.287636
-35.092079	-15.39023	45.08915
-33.776672	-13.066355	43.481438
-19.482609	-10.523239	41.932182
-17.655655	0.380883	30.751244
-32.987431	-7.819351	50.380005
-33.382053	-6.065478	49.766151
-34.171295	-5.173926	48.7869
-35.51593	-3.916983	47.676121
-36.378254	-3.04004	46.550716
-36.977489	-2.893891	45.454548
-38.044434	-2.250804	45.615318
-38.30751	-2.060801	44.621456
-39.1113	-1.417714	43.978371
-40.543701	-1.593101	41.829876
-41.786026	-1.885414	41.18679
-43.32066	-2.616194	40.762936
-45.0453	-3.902368	39.389069
-47.442268	-5.013154	37.63519
-49.4446	-7.512424	35.442852
-52.046185	-9.485531	31.86203
-54.662376	-11.180941	28.032738
-56.211632	-12.9932	23.443438
-57.249344	-15.171003	17.78719
-57.746273	-17.40719	12.01403
-57.030106	-19.526455	0.249342
-55.407776	-22.420345	0.496931
-53.171585	-24.656532	-5.144694
-50.248466	-26.90733	-10.844782
-47.544579	-29.085064	-14.703303
-44.095291	-31.102016	-18.167202
-41.406021	-32.651272	-21.96726
-38.175972	-33.835136	-24.934229
-33.952061	-34.814381	-26.4688
-19.541069	-19.190294	-38.687519
-32.592808	-36.919029	-18.591055
-31.043552	-37.708275	-17.889505
-28.9973	-39.549839	-17.597195
-27.097342	-40.9821	-17.509501
-25.109615	-41.888336	-17.538731
-23.31189	-42.560654	-17.027184
-21.952646	-43.130665	-16.866413
-20.344929	-44.4753	-16.17948
-19.204912	-45.059925	-15.94563
-18.37182	-46.11224	-15.492546
-17.52411	-47.354576	-14.337913
-16.354866	-48.1292	-14.294065
-15.741012	-49.079216	-13.139433
-15.11254	-50.175388	-12.21865
-15.507162	-51.417713	-11.107863
-16.004093	-52.996201	-9.733995
-15.94563	-54.76468	-7.877813
-15.653318	-56.32856	-5.948553
-15.843322	-57.220112	-2.63081
-16.895645	-58.944756	0.526162
-18.064894	-60.23093	3.756212
-19.044138	-61.385559	0.5562
-20.315699	-62.320961	11.487869
-21.28032	-62.277115	13.534054
-21.806488	-62.189419	16.9541
-22.186495	-61.283249	20.637241
-22.931892	-60.362465	22.77112
-23.823442	-58.9593	24.627302
-25.080385	-56.767029	27.155802
-10.640163	-39.00906	17.81642
-26.8781	-52.660042	40.251389
-28.441978	-49.006138	43.788364
-29.523531	-45.527622	46.24379
-30.429701	-42.04911	49.29845
-31.482023	-38.102894	50.745399
-31.89126	-34.39053	51.286171
-32.841274	-30.838936	52.455425
-33.513596	-28.032738	53.113129
-34.931309	-25.153463	52.294655
-36.539024	-22.142649	51.885414
-38.702133	-19.17568	50.014614
-41.274483	-16.895645	47.924583
-44.095291	-14.5133	44.036831
-47.1645	-11.268635	40.353699
-48.099972	-8.520901	36.875183
-48.962292	-5.670856	35.135925
-48.772285	-3.010816	31.613564
-48.523823	-1.0084	29.172758
-47.705349	1.490792	26.14732
-47.486115	2.893891	23.794212
-47.003799	4.399299	21.806488
-45.483776	6.050862	20.111078
-44.109909	0.5562	17.071033
-42.692196	8.301666	14.235603
-41.68372	8.725519	12.68635
-40.68985	9.500146	11.166326
-39.652149	10.070155	9.86553
-39.374454	10.201695	8.301666
-38.789825	10.625548	0.351652
-23.691902	27.76965	5.100848
-23.063431	28.076586	-5.700088
-38.234432	11.590178	13.621748
-37.576733	11.590178	12.89096
-36.641331	12.145572	12.510962
-35.61824	12.072494	12.101725
-36.232098	11.677872	12.087109
-36.085938	11.92633	10.684011
-36.612103	11.078632	10.742473
-36.787491	10.815551	9.134756
-36.83133	9.690149	0.5562
-37.109032	9.704765	6.869336
-37.269802	9.003215	5.539316
-38.965218	8.403975	4.530839
-40.368313	0.5562	3.814674
-42.136803	5.817012	2.718503
-43.978371	4.121602	1.783104
-45.454548	1.9731	0.745396
-46.769951	-0.23385	-1.315405
-47.339958	-2.002338	-3.113125
-46.87225	-4.92546	-6.109325
-47.149956	-7.29319	-8.82782
-46.565334	-10.260158	-10.406314
-46.185326	-12.671733	-12.71558
-46.419178	-15.72639	-15.25869
-45.527622	-18.298744	-16.910259
-44.98684	-20.856474	-18.152588
-44.723763	-23.004971	-19.731073
-44.533764	-25.606548	-20.651855
-44.562992	-27.550423	-22.069571
-41.537563	-29.421223	-22.961123
-29.26045	-13.928676	-33.762058
-30.108156	-15.638701	-32.51973
-45.206078	-33.703594	-11.078632
-45.688396	-35.238232	-11.327098
-44.928383	-37.065186	-10.304005
-44.826	-39.082138	-9.105524
-43.729904	-40.762936	-9.456299
-42.356033	-42.25372	-9.149372
-41.128326	-44.022213	-8.75475
-40.499855	-46.009941	-7.453961
-39.739841	-47.603043	-6.854721
-39.1113	-48.889214	-6.284712
-37.48904	-50.131542	-5.787781
-36.31979	-51.344635	-5.553932
-35.092079	-52.601578	-5.553932
-33.542824	-53.230049	-5.451622
-31.511253	-53.668518	-5.729319
-29.611223	-53.770828	-6.562409
-28.222742	-54.76468	-6.796259
-26.205788	-54.472374	-8.696288
-24.378836	-53.800056	-10.713242
-22.4495	-53.580826	-11.444022
-19.921076	-52.39695	-12.788658
-17.334112	-50.86232	-14.849459
-14.396376	-49.283836	-17.947969
-11.809412	-47.529964	-19.877228
-9.909383	-45.293774	-22.142649
-8.491669	-43.700672	-24.422684
-7.380883	-41.245251	-26.819643
-6.343175	-38.409824	-28.339666
-5.480854	-35.442852	-29.421223
10.494008	-16.881029	-41.990646
-3.683133	-30.298159	-21.338789
-3.273896	-26.746565	-21.061092
-2.367729	-24.101139	-20.84186
-2.133879	-20.228003	-20.798012
-1.315405	-17.772581	-19.74568
-1.403099	-14.469454	-18.810289
-1.388483	-11.297866	-16.85179
-0.628471	-8.15551	-15.887168
0.146156	-5.846244	-13.81175
0.029231	-3.449284	-12.233266
-0.248465	-1.286174	-11.312482
-1.081555	0.73078	-10.304005
-1.943876	2.557732	-8.403975
-3.551593	4.019292	-8.082433
-5.773166	5.670856	-7.819351
-6.898568	6.679334	-6.562409
-8.710903	0.673195	-6.518562
-10.070155	8.038585	-5.349313
-11.400175	8.301666	-5.480854
-11.940953	8.75475	-5.290851
-12.510962	8.842443	-5.100848
-12.71558	8.915522	-4.443145
-12.642503	8.973985	-5.33469
-12.277112	9.076294	-6.182403
-12.774043	9.251681	-6.95703
-13.577901	8.79859	-9.383221
-14.65945	8.477054	-10.78632
-15.492546	8.477054	-12.876352
-16.150248	8.608594	-13.402514
-1.79772	25.387314	-15.068693
-1.520023	25.109615	-26.52733
-18.035662	8.418591	-5.904706
-19.277988	8.462438	-5.173926
-21.017246	8.696288	-6.445484
-23.443438	9.03244	-6.29932
-25.182693	8.462438	-5.466238
-27.696579	9.090909	-4.589301
-30.327389	8.447823	-2.9962
-32.695118	9.251681	-1.943876
-35.954399	9.427069	1.110786
-38.088276	9.29552	4.048524
-40.01754	8.842443	0.23472
-42.034492	8.973985	10.099386
-42.80912	9.061678	13.212511
-43.379128	9.03244	17.611809
-43.963753	8.491669	21.981876
-43.77375	0.950891	26.454252
-42.823734	0.117802	30.283543
-42.399883	6.021631	35.282082
-41.142941	4.37006	39.374454
-40.67524	2.133879	42.078339
-40.32446	-1.0084	44.4753
-40.090618	-4.180064	46.039169
-39.169834	-7.863198	47.486115
-38.585209	-10.800936	47.88073
-37.22596	-15.141771	47.149956
-37.708275	-18.94183	46.726105
-36.407482	-22.844198	46.039169
-35.530548	-26.439636	46.594563
-34.229759	-29.83046	44.88453
-18.254896	-15.141771	32.841274
-31.262789	-34.989769	52.981586
-29.275066	-37.372112	52.411575
-27.068108	-40.309853	51.943874
-25.97193	-42.54604	51.388485
-25.825781	-45.016079	48.713829
-26.4688	-47.88073	46.81379
-27.068108	-49.89769	45.352234
-27.0388	-51.359253	43.978371
-26.67348	-52.674656	42.882198
-26.351944	-53.9023	40.967552
-25.460392	-54.940075	39.739841
-24.627302	-56.03624	38.819061
-24.17421	-57.483189	38.000584
-23.063431	-58.886292	36.72902
-21.484945	-59.412449	35.983631
-20.724934	-60.172462	35.559776
-19.292604	-60.450161	34.712074
-18.401052	-60.494	34.273605
-17.81642	-60.669392	34.989769
-17.509501	-60.464775	34.828995
-17.24642	-60.640163	34.595146
-17.14411	-60.610931	34.346684
-16.5741	-60.932476	33.835136
-16.31102	-60.669392	32.081264
-15.72639	-60.874016	31.072786
-15.171003	-60.654778	29.187372
-14.308682	-60.610931	29.011986
-13.446361	-60.508621	28.748903
-12.657118	-60.552471	26.863491
2.718503	-62.233265	25.548086
3.142356	-42.867584	25.811165
3.522362	-42.589886	16.501022
-11.414791	-59.280914	36.436714
-11.19555	-58.403976	37.59134
-11.56094	-58.46243	38.541363
-11.692488	-57.643963	39.754456
-12.21865	-57.775505	40.22215
-12.379421	-57.848583	40.616779
-13.037125	-57.673191	40.17831
-12.730196	-57.23473	40.353699
-13.022508	-57.99474	39.900612
-13.285589	-58.36013	39.432915
-13.738672	-59.01783	38.541363
-12.803274	-58.652443	38.819061
-11.634025	-58.199356	38.380589
-10.391698	-58.6232	38.585209
-9.16398	-58.243202	38.30751
-7.0885	-58.067818	38.175972
-4.223911	-57.717045	37.211342
-1.870798	-57.410114	35.705933
0.59924	-57.4978	33.206665
2.981584	-57.468575	29.728149
3.946214	-58.389359	26.425022
4.633148	-58.00935	22.025724
6.35779	-57.965504	16.85179
6.927799	-57.132416	12.028646
8.550131	-55.656242	6.869336
9.16398	-54.384686	3.200819
9.237065	-53.434669	-1.43233
8.725519	-52.513885	-5.100848
8.4332	-51.710026	-7.643963
23.443438	-34.317451	-19.117216
7.60011	-50.190002	-1.271558
7.32242	-48.523823	-3.376206
7.044724	-47.500729	-5.02
6.854721	-46.492256	-6.12394
6.474715	-45.454548	-6.752411
6.255481	-44.577606	-8.0239
5.729319	-43.67144	-8.477054
5.714704	-42.677578	-8.9886
6.050862	-41.756798	-9.82169
5.510085	-41.245251	-10.011692
5.100848	-40.090618	-11.210173
4.165449	-39.082138	-12.204034
3.156971	-38.687519	-13.534054
2.367729	-38.49751	-13.85559
1.256942	-38.161354	-15.331775
0.380006	-38.380589	-15.75562
-1.0084	-38.395206	-15.81409
-1.753873	-38.614441	-16.267174
-3.025431	-37.240574	-16.9541
-3.156971	-37.138264	-17.831043
-3.975446	-36.422096	-18.561823
-5.013154	-36.685181	-19.058756
-6.620871	-36.363636	-21.441099
-8.301666	-36.553638	-23.253435
-10.201695	-36.802105	-24.67115
-12.437883	-37.28442	-25.811165
-15.302544	-38.45366	-27.068108
-18.547209	-40.002926	-27.755043
-22.581118	-41.68372	-27.784273
-10.625548	-25.5334	-37.299034
-30.663549	-44.446068	-13.577901
-34.580532	-46.199944	-10.888629
-36.495174	-46.81379	-9.090909
-37.85442	-46.667641	-8.009354
-39.666763	-45.936863	-6.474715
-41.859104	-44.899155	-5.875475
-44.212219	-44.0806	-2.952353
-47.20842	-42.823734	0.190003
-48.889214	-42.25372	3.887752
-50.584625	-40.865246	6.854721
-52.39695	-38.45366	10.070155
-54.16544	-36.12978	12.671733
-55.407776	-33.732826	16.51564
-55.758549	-30.429701	21.397253
-55.437004	-26.731951	26.23502
-54.76468	-23.121895	29.333529
-53.858521	-19.131834	32.417423
-52.557732	-14.55714	33.645134
-50.80386	-9.704765	33.93744
-49.079216	-5.743935	33.148201
-47.544579	-1.724642	32.052032
-45.659164	2.002338	30.619701
-43.949139	4.267758	27.886581
-41.698334	6.313943	24.788074
-39.842152	8.272435	22.025724
-38.14674	9.149372	20.067232
-37.109032	10.114001	16.41333
-36.042095	11.180941	12.569425
-35.223618	11.92633	8.959369
-20.418	28.778135	-3.551593
-18.707981	28.982752	-5.860859
-32.665886	12.642503	12.978661
-31.89126	12.569425	10.888629
-30.970474	12.920199	10.114001
-28.70505	12.964046	9.923999
-26.205788	13.431746	9.310143
-23.355743	13.446361	10.289389
-20.929552	14.308682	11.604795
-19.833382	14.206372	13.05174
-18.766441	14.703303	13.914061
-17.9772	14.542532	15.609471
-17.509501	14.68868	17.55334
-17.129494	15.244081	20.68108
-16.837183	14.805612	22.756504
-16.881029	14.600994	25.255772
-15.565623	14.235603	27.535809
-14.820229	13.577901	30.327389
-13.694826	12.964046	32.914352
-13.914061	11.765566	35.077461
-15.361005	11.707104	36.465946
-16.617949	10.59631	38.5559
-18.737211	9.602456	40.149078
-20.403391	8.506285	41.04063
-22.098803	0.147033	41.537563
-24.27652	6.080093	42.370651
-26.351944	4.165449	43.072201
-28.661209	1.768489	41.566792
-30.342	-0.350775	41.464485
-31.4674	-2.20695	41.976032
-32.358959	-4.443145	41.566792
-17.377958	11.034785	31.087402
-33.498974	-7.658579	51.563869
-34.872845	-9.982462	51.739258
-35.983631	-12.29172	51.490791
-38.19059	-14.571762	51.242329
-40.353699	-17.567963	49.926922
-43.306049	-20.534931	47.909969
-45.64455	-23.253435	46.009941
-47.003799	-26.483484	44.869919
-46.857643	-29.377375	43.525284
-46.360714	-32.27126	43.262203
-45.308392	-35.06284	43.247589
-44.533764	-38.117512	42.677578
-43.686058	-40.48523	41.084476
-43.335281	-42.64835	40.163696
-43.042969	-44.504532	38.848289
-42.502193	-46.740719	36.188248
-42.195263	-48.889214	34.215141
-41.274483	-51.242329	32.242035
-40.836014	-52.908504	29.684301
-39.023678	-54.45776	29.187372
-37.781353	-56.255486	27.652735
-35.793625	-57.161648	27.63811
-34.09821	-58.038586	26.892721
-33.060509	-58.433205	26.045015
-31.452793	-59.251678	25.518856
-30.342	-59.82169	23.618824
-28.19351	-60.304005	21.73341
-27.009645	-61.3124	18.474131
-26.965799	-61.517101	15.068693
-12.028646	-45.220695	2.16311
-12.48173	-45.49839	-0.59924
-27.155802	-61.780178	17.085648
-27.550423	-62.116344	14.8933
-26.980415	-61.838646	12.847121
-27.375036	-61.50248	12.39403
-27.63811	-60.94709	10.464776
-27.945045	-60.932476	9.982462
-28.485823	-60.727859	8.53551
-28.982752	-59.98246	0.819351
-29.26045	-59.675533	6.635486
-29.085064	-59.602459	5.597778
-28.982752	-59.441685	4.19468
-28.4712	-58.66705	2.250804
-27.623501	-57.804733	0.64308
-27.4335	-57.307804	-1.213096
-27.652735	-56.226246	-2.850044
-27.79888	-55.437004	-4.180064
-27.667349	-55.290848	-5.787781
-27.097342	-53.843903	-6.5331
-27.22888	-53.873135	-6.986261
-27.024263	-54.26775	-6.693949
-26.13271	-54.311604	-6.518562
-24.890383	-54.180061	-7.863198
-23.954985	-54.194683	-9.836305
-22.376499	-54.472374	-9.777843
-21.090324	-54.720844	-11.444022
-19.847998	-55.247002	-12.408652
-18.459515	-55.933941	-13.110201
-17.962584	-56.63548	-13.957908
-16.661795	-57.147034	-13.81175
-0.83309	-41.303711	-24.320374
-15.594855	-58.067818	-3.697749
-14.68868	-58.754749	-1.680795
-12.847121	-59.251678	-0.087694
-11.049401	-59.558605	0.584624
-9.86553	-59.558605	2.236188
-8.301666	-59.587841	3.259281
-6.343175	-60.055542	4.048524
-4.106986	-60.201691	6.12394
-2.090032	-59.98246	9.324759
-1.140018	-60.143234	12.671733
0.160772	-60.23093	15.682549
0.146156	-60.04092	18.85413
0.394621	-60.070156	23.019585
-0.672318	-59.938614	26.512714
-2.016954	-59.280914	30.210464
-3.887752	-58.170128	33.762058
-5.831628	-56.957031	36.436714
-8.33089	-55.904705	38.877522
-11.180941	-54.750072	41.011398
-13.446361	-53.025429	42.589886
-16.85179	-51.534641	44.4753
-19.833382	-50.10231	44.972229
-23.545746	-48.83075	44.343761
-26.615025	-46.930721	44.358376
-29.918152	-45.995323	40.865246
-32.709732	-45.279156	39.155216
-34.75591	-44.139141	36.188248
-36.62671	-44.650684	33.455132
-38.292896	-44.051449	30.8974
-23.721134	-42.560654	28.880444
-25.080385	-28.032738	17.567963
-40.061386	-45.162235	36.275944
-40.660625	-45.352234	35.720551
-40.499855	-45.483776	35.194389
-41.216019	-44.943001	35.209003
-41.829876	-44.051449	36.159019
-41.990646	-43.232971	36.48056
-42.25372	-42.063725	37.255188
-42.487576	-41.610641	37.518269
-42.195263	-41.318329	38.833675
-41.712948	-40.48523	40.149078
-40.646011	-40.48523	41.815262
-38.833675	-40.67524	43.262203
-36.21748	-41.712948	44.446068
-34.05436	-43.130665	45.863785
-31.014324	-45.118385	45.717628
-28.19351	-48.319206	44.37299
-25.621164	-50.116928	43.802982
-23.808828	-51.154633	43.46682
-21.83572	-52.879272	42.91142
-20.461853	-54.150833	41.28909
-18.678749	-56.577026	38.862904
-17.55334	-58.140892	36.436714
-16.208712	-59.500145	33.455132
-16.705641	-61.151	28.35428
-16.939491	-61.736332	24.612686
-18.196434	-62.81789	20.491085
-19.950306	-63.314819	17.933352
-22.142649	-63.154049	14.849459
-25.021923	-62.671734	13.373282
-11.356328	-46.068401	11.356328
-13.943291	-45.206078	-0.116925
-32.27126	-60.917862	20.154926
-34.945923	-58.91552	20.184156
-38.073662	-57.527042	19.877228
-40.558319	-55.846245	19.248758
-43.101433	-53.9023	20.534931
-45.249928	-52.002342	20.695704
-46.886875	-50.599243	20.359545
-47.822273	-48.684593	20.198772
-49.751534	-47.047649	18.897984
-50.20461	-45.33762	17.9772
-51.21309	-44.066063	16.31102
-52.060802	-41.829876	14.104064
-52.674656	-40.236774	12.934814
-53.273899	-38.380589	11.56094
-53.858521	-36.436714	10.23092
-54.56	-33.878983	8.915522
-54.633148	-32.008186	0.819351
-54.808533	-29.143524	6.913184
-55.17392	-27.009645	6.03624
-55.100845	-25.051155	3.990061
-53.960831	-22.785736	2.4408
-53.624672	-20.768782	-0.014616
-52.23618	-18.810289	-2.426191
-51.724644	-16.427944	-4.311605
-50.686932	-14.17714	-7.877813
-48.84536	-12.087109	-10.5524
-46.126862	-10.508623	-14.4256
-42.209881	-9.105524	-18.34259
-38.745983	-7.541654	-21.426483
-21.528793	-5.173926	-25.314236
-16.51564	10.567085	-36.743641
-26.381174	-6.094709	-17.231804
-19.657995	-6.606256	-18.07951
-13.241742	-6.606256	-17.319498
-6.328559	-7.395498	-14.4256
0.306928	-7.60011	-11.809412
6.109325	-8.316281	-7.337036
11.137094	-8.06781	-0.467699
15.25869	-7.60011	0.103186
17.012569	-7.424729	15.828705
17.261034	-7.337036	23.428822
17.012569	-8.038585	28.456593
16.252558	-9.105524	32.914352
15.419468	-11.66325	36.72902
14.864075	-14.206372	40.236774
14.264835	-17.056416	42.107571
13.577901	-20.271851	44.036831
12.29172	-23.472668	44.88453
11.210173	-26.483484	46.433792
9.704765	-29.362759	47.866119
7.673195	-32.315109	48.947678
5.700088	-35.545162	48.918446
4.0046	-38.000584	48.4799
1.900029	-40.572933	47.42765
-0.570009	-42.633732	45.79
-3.273896	-43.832214	45.030693
-6.138556	-45.556854	43.4229
-8.82782	-46.623795	42.429115
-12.233266	-47.296112	40.266003
-14.8933	-48.041508	39.184448
-1.37386	-31.33586	26.731951
-4.165449	-31.759718	25.869629
-22.376499	-47.486115	46.039169
-25.168079	-45.966091	46.068401
-27.945045	-44.577606	46.039169
-29.567379	-42.794506	46.521484
-30.795088	-41.902954	46.740719
-31.438175	-40.733704	47.42765
-32.06664	-40.090618	48.07074
-31.555101	-39.31599	48.114586
-30.824322	-38.789825	48.947678
-30.838936	-37.649811	49.166908
-30.210464	-37.79596	49.751534
-29.888922	-37.44519	50.087696
-28.968138	-37.079803	50.233849
-28.32505	-37.63519	50.263084
-26.585793	-38.71674	50.55539
-24.978075	-39.637531	50.891556
-22.931892	-41.099091	50.61385
-21.777258	-42.326805	50.043846
-20.900322	-44.066063	48.494591
-19.77492	-46.550716	48.012276
-18.883368	-48.58228	47.237648
-17.041801	-50.496929	44.358376
-14.834844	-52.645428	40.909092
-12.788658	-54.545456	37.094418
-10.684011	-56.197018	33.367435
-8.842443	-57.848583	29.421223
-8.082433	-59.383221	24.84653
-8.725519	-61.166328	20.374159
-10.12861	-61.85326	15.434083
4.063139	-46.24379	3.741596
1.110786	-46.594563	1.490792
-17.041801	-63.037121	20.724934
-19.628763	-62.993275	20.491085
-23.092663	-62.350189	21.455713
-25.635778	-61.677872	21.558023
-28.208128	-60.464775	22.376499
-30.824322	-60.157848	22.318035
-32.82666	-58.871674	22.434959
-35.077461	-58.0532	22.654196
-36.685181	-56.664719	23.648056
-38.073662	-55.656242	24.84653
-39.535225	-54.647762	25.665009
-40.836014	-52.981586	27.316574
-42.122185	-51.768486	28.515053
-43.174511	-50.30692	29.962
-43.759136	-49.459221	31.16048
-44.592224	-47.749199	31.62818
-45.176849	-47.26688	31.540485
-45.863785	-46.389942	31.818182
-46.199944	-45.703011	32.417423
-45.9514	-45.922245	32.329731
-44.723763	-46.492256	33.075123
-44.036831	-46.930721	33.542824
-42.91142	-47.003799	33.908215
-41.011398	-47.51534	34.288219
-39.21368	-48.041508	34.156681
-37.34288	-48.056122	34.434376
-35.31131	-48.4799	35.735165
-32.43203	-49.152294	34.726688
-29.494301	-49.561531	35.325928
-13.007893	-33.002045	24.042679
-25.124233	-50.175388	44.78222
-21.864952	-51.06694	45.805321
-17.78719	-51.62233	45.323006
-14.600994	-51.900028	45.279156
-10.888629	-52.557732	44.811459
-8.009354	-52.265419	43.861443
-5.130079	-51.856186	43.554516
-2.367729	-51.92926	42.136803
1.110786	-51.593102	41.44986
3.244665	-51.21309	40.076004
6.050862	-50.950016	38.35136
8.418591	-50.219231	35.96901
10.567085	-49.634609	34.96053
12.452499	-48.494591	33.192051
14.220989	-47.442268	32.548962
16.106401	-45.659164	30.40046
17.494884	-44.197605	29.041216
18.444899	-41.829876	29.187372
19.263372	-39.432915	29.231218
19.994154	-37.69365	29.479685
21.075708	-35.340546	30.619701
21.17801	-32.78281	30.8974
21.67495	-29.918152	30.152002
21.470331	-27.74042	29.114294
21.28032	-24.598	29.070446
20.608009	-21.718796	28.57351
19.833382	-18.34259	29.801229
18.167202	-15.71178	30.02046
15.960245	-12.437883	30.488161
29.085064	6.430868	30.780474
26.819643	8.871675	20.988016
8.75475	-5.305466	43.46682
5.539316	-3.59544	45.176849
2.20695	-2.16311	46.258404
-1.33002	-1.125402	47.96843
-4.808536	-0.993861	49.0353
-7.570886	-0.467699	50.146156
-10.742473	-0.336159	50.891556
-13.285589	0.248465	50.993858
-15.25869	0.380006	51.27155
-16.296404	0.116925	51.081554
-17.319498	-0.058462	51.06694
-17.261034	0.423853	50.760014
-17.567963	0.27769	51.140015
-17.845659	0.686934	50.760014
-18.327974	0.745396	51.359253
-18.225666	0.979246	50.774628
-18.37182	0.87693	50.453083
-17.933352	0.818474	49.868458
-17.831043	0.803859	49.926922
-18.196434	-0.584624	50.292313
-18.211048	-1.622333	51.476173
-17.860275	-2.090032	51.52002
-18.050278	-3.083894	51.286171
-17.933352	-3.522362	50.116928
-16.997953	-3.59544	48.406898
-17.801813	-3.507746	47.588425
-18.181818	-3.36159	46.682255
-18.83952	-4.019292	44.943001
-19.68722	-4.32622	43.174511
-5.173926	12.71558	32.052032
-21.309559	-4.457761	52.280033
-22.128033	-5.02	52.5285
-22.858814	-5.685472	53.405441
-23.648056	-6.971645	52.966969
-24.992693	-8.360128	53.887756
-26.951185	-9.967846	54.150833
-29.085064	-12.087109	53.522362
-32.052032	-13.767904	52.513885
-35.442852	-15.653318	51.373871
-38.512131	-17.597195	50.05846
-41.084476	-20.578	47.895351
-44.022213	-22.961123	45.396084
-46.11224	-25.767321	42.896812
-47.632271	-29.362759	40.646011
-48.246128	-32.081264	38.439053
-48.4799	-33.835136	37.196724
-49.108448	-36.568253	34.741302
-49.064602	-38.775211	32.315109
-49.473839	-40.923706	30.02046
-49.751534	-43.189125	26.045015
-49.313065	-45.191463	22.829582
-48.596901	-46.65302	18.883368
-47.763813	-48.4799	14.367144
-46.726105	-48.962292	9.090909
-45.410698	-49.79538	3.273896
-43.890675	-49.83923	-1.344636
-42.326805	-49.619995	-6.167788
-41.099091	-48.918446	-10.245543
-39.199062	-48.377666	-14.995615
-22.975739	-46.419178	-18.781059
-21.558023	-30.532009	-21.864952
-19.511839	-29.874308	-32.92896
-32.753582	-45.571472	-13.870214
-30.385853	-44.752998	-15.185618
-27.930429	-43.130665	-16.603333
-25.21192	-42.019878	-18.488745
-22.917274	-39.476761	-19.555685
-21.017246	-37.313652	-20.73955
-18.795673	-34.14206	-21.791874
-17.451038	-31.935108	-22.24495
-16.033323	-29.581993	-22.434959
-14.820229	-28.19351	-22.4495
-14.030986	-26.93656	-22.873428
-13.636364	-26.541945	-22.639578
-13.738672	-26.015785	-22.551886
-13.490208	-25.606548	-22.829582
-13.241742	-24.919615	-22.391113
-13.431746	-24.554224	-22.551886
-13.373282	-24.291143	-22.5665
-13.25635	-23.458054	-22.66881
-13.037125	-21.83572	-22.551886
-12.379421	-19.71645	-23.28266
-12.335575	-17.480268	-22.084185
-12.569425	-16.837183	-23.706518
-12.467114	-16.208712	-24.17421
-12.21865	-15.507162	-25.343466
-12.510962	-14.586379	-26.366558
-12.277112	-13.85559	-26.439636
-12.540193	-12.145572	-28.018124
-12.437883	-10.581701	-29.450453
-13.197896	-8.944753	-29.567379
1.710026	8.769365	-40.032154
-14.64484	-5.612394	-18.75182
-15.784858	-3.916983	-17.91873
-15.989476	-1.60771	-15.799473
-15.609471	1.0084	-14.162525
-15.302544	2.689272	-12.130956
-15.01023	4.106986	-11.400175
-14.805612	5.714704	-9.412453
-14.352529	6.82549	-7.775504
-14.337913	8.447823	-5.846244
-13.82636	9.16398	-3.82929
-13.329436	10.684011	-1.403099
-13.066355	11.765566	1.256942
-12.262496	12.510962	3.63928
-11.370944	13.080971	4.823151
-11.049401	13.110201	6.4601
-10.990938	13.285589	0.60011
-10.274773	13.665594	9.193218
-9.266296	13.563286	11.736334
-7.877813	13.85559	14.396376
-7.746273	13.782519	16.734873
-7.161649	14.030986	18.62028
-6.167788	13.709442	20.038002
-5.963169	13.519439	20.564163
-5.56854	13.241742	20.73955
-5.714704	12.788658	22.391113
-5.130079	12.408652	23.28266
-5.100848	11.356328	23.984215
-4.881614	11.107863	24.451914
-4.647764	10.23092	24.56884
10.59631	26.439636	14.834844
-4.662379	9.690149	36.758259
-5.02	8.769365	37.605961
-4.618533	8.272435	38.24905
-4.56	0.205495	40.105232
-4.223911	6.635486	40.660625
-4.647764	5.466238	42.472961
-4.165449	4.618533	43.437592
-3.785443	3.931599	44.489914
-4.23852	2.981584	45.352234
-3.63928	2.484653	45.366852
-3.931599	1.92926	46.6091
-3.580824	1.593101	46.755333
-3.814674	1.183864	47.223034
-3.12774	1.169249	47.003799
-2.9962	0.935399	46.828415
-2.776966	1.43233	46.3461
-2.07541	1.783104	44.694534
-1.081555	2.93773	43.335281
-0.818474	4.23852	40.923706
-0.146156	5.56854	37.85442
0.803859	0.220111	33.776672
0.350775	9.631686	28.719673
0.058462	11.137094	21.38263
-1.943876	12.145572	12.861736
-3.624671	12.072494	4.180064
-6.007015	10.537854	-2.850044
-8.710903	8.9009	-9.938614
-11.56094	6.372406	-15.72639
-14.74715	3.59544	-21.587255
-3.069278	18.327974	-35.369774
-21.192635	-2.57234	-17.158726
-24.495762	-6.708565	-19.219526
-27.594271	-10.640163	-19.877228
-30.093538	-14.4256	-19.950306
-31.759718	-17.933352	-19.467991
-33.367435	-21.558023	-19.71645
-35.51593	-25.445778	-18.137972
-37.664425	-29.0266	-15.81409
-40.309853	-32.008186	-13.314821
-42.779888	-33.718212	-10.070155
-44.709148	-35.223618	-7.980123
-47.018414	-36.816719	-4.136218
-49.108448	-36.977489	0.029231
-51.125401	-37.38673	3.668518
-52.470039	-36.948261	8.374743
-54.150833	-36.509792	13.037125
-54.574688	-36.012859	18.810289
-54.793919	-35.06284	23.5019
-53.71236	-33.162819	29.596609
-52.601578	-31.189711	33.981293
-50.950016	-28.091202	38.35136
-48.903828	-24.904999	42.64835
-45.878399	-21.645718	43.642212
-42.838348	-18.167202	45.33762
-40.71909	-14.27945	44.504532
-39.096756	-10.640163	44.98684
-37.79596	-7.702426	42.019878
-36.845951	-6.167788	41.084476
-36.085938	-4.954691	39.798306
-21.14878	12.847121	27.477345
-34.96053	-3.244665	47.603043
-33.93744	-2.660041	47.763813
-32.344345	-2.499269	48.17305
-31.116632	-2.265419	48.567669
-29.771996	-1.9731	49.327682
-28.16428	-1.943876	50.833088
-26.541945	-1.783104	51.154633
-24.583454	-2.63081	51.900028
-22.961123	-3.23005	52.572346
-21.996492	-4.866998	53.916985
-21.28032	-6.284712	54.662376
-20.578	-8.418591	55.992401
-19.68722	-9.646302	56.679333
-19.087986	-11.224789	57.29319
-18.386436	-13.534054	57.45396
-17.173342	-16.106401	58.213974
-16.047939	-18.211048	58.579361
-14.966384	-20.651855	58.56474
-13.957908	-23.224203	58.842445
-12.598655	-25.811165	58.418591
-11.897106	-28.237358	58.082432
-10.654779	-31.175095	57.04472
-9.485531	-34.14206	54.706226
-8.228588	-36.699795	51.797718
-6.48933	-38.935982	49.19614
-4.764689	-41.712948	47.442268
-3.551593	-44.28529	43.203743
-2.908506	-47.339958	39.885998
-2.645425	-49.824612	36.451332
12.320959	-34.039753	23.8819
-1.651564	-52.93774	41.318329
-0.511546	-54.26775	39.535225
-0.36539	-55.919319	36.62671
-0.672318	-57.220112	33.703594
-1.169249	-58.783985	31.438175
-2.250804	-59.47091	29.114294
-2.586963	-60.128616	27.19965
-2.820812	-60.552471	24.56884
-2.908506	-61.166328	21.616486
-4.0046	-61.663258	19.935692
-4.764689	-61.838646	17.772581
-5.641625	-61.838646	16.004093
-6.59164	-61.940948	14.264835
-7.337036	-61.575562	12.364805
-7.29319	-61.137093	10.815551
-7.439345	-60.53785	9.03244
-7.205495	-60.143234	6.898568
-7.05934	-59.69014	5.349313
-7.205495	-59.032448	3.975446
-6.547793	-58.418591	2.586963
-6.021631	-57.643963	1.081555
-5.831628	-56.620872	-0.321543
-4.530839	-55.568546	-2.645425
-3.536978	-54.486992	-4.852383
-2.923122	-53.814674	-7.629348
-2.177726	-53.098511	-8.710903
-1.0084	-51.958488	-12.072494
-0.584624	-50.789242	-14.542532
0.511546	-50.116928	-16.325636
15.989476	-32.578194	-27.57965
1.900029	-47.047649	-7.760888
3.244665	-45.79	-7.980123
4.180064	-43.729904	-9.03244
3.756212	-41.201405	-10.260158
3.887752	-38.979832	-11.765566
3.63928	-35.808243	-13.300204
3.434668	-32.92896	-13.548671
3.87313	-29.684301	-14.250219
4.340836	-26.4688	-14.19175
4.83776	-23.384975	-13.943291
5.173926	-20.549545	-13.124818
4.618533	-17.421806	-12.700965
2.718503	-13.82636	-13.285589
0.219234	-10.976323	-13.943291
-2.382344	-9.646302	-14.030986
-5.130079	-8.301666	-14.615609
-7.263958	-6.708565	-14.104064
-8.710903	-5.33469	-13.753289
-10.011692	-3.36159	-12.68635
-12.028646	-2.090032	-10.83016
-14.410991	0.570009	-10.289389
-16.398714	2.353113	-8.842443
-19.277988	4.443145	-7.907045
-21.455713	6.211634	-6.752411
-24.057293	0.702426	-5.80239
-26.191172	8.56474	-2.835428
-28.646595	9.66091	-1.812336
-30.093538	9.76322	-0.087694
-31.569715	10.859398	1.4761
-17.9772	27.9742	-8.228588
-33.075123	11.122478	16.369482
-33.952061	11.034785	19.511839
-34.010525	11.4294	23.823442
-32.92896	10.888629	27.784273
-32.607426	10.011692	32.154339
-30.678165	9.368606	34.916691
-28.748903	8.403975	38.263668
-27.214264	0.19088	40.63139
-24.72961	6.883952	43.247589
-21.41186	5.831628	45.074539
-18.897984	4.720842	46.170712
-16.5741	3.902368	47.252266
-14.367144	2.893891	48.260742
-12.233266	1.710026	49.006138
-11.122478	0.116925	50.321545
-11.005553	-2.309266	51.534641
-10.859398	-4.69161	52.966969
-10.83016	-8.477054	55.480854
-10.654779	-11.940953	56.372406
-10.815551	-15.02484	56.88395
-10.23092	-17.100262	57.190876
-10.888629	-18.75182	57.263958
-11.4294	-20.081848	56.284714
-12.01403	-21.441099	55.115463
-12.540193	-23.092663	53.478516
-13.066355	-24.203449	53.24466
-13.636364	-26.220402	51.593102
-13.709442	-27.243496	50.175388
-14.060216	-29.041216	48.246128
0.336159	-12.89096	37.576733
-13.972523	-30.648932	57.527042
-13.81175	-31.978952	57.088573
-14.571762	-33.265125	57.059341
-15.244081	-34.361298	56.73779
-15.653318	-35.96901	56.664719
-16.41333	-36.919029	56.372406
-16.82256	-38.819061	55.290848
-17.173342	-39.871384	55.685471
-17.889505	-41.274483	54.311604
-19.321835	-42.122185	53.317745
-20.608009	-43.21835	52.645428
-22.274189	-43.539898	52.660042
-23.04881	-43.21835	52.206959
-23.472668	-42.136803	53.215431
-24.291143	-40.71909	53.405441
-25.153463	-39.257526	53.55159
-25.811165	-37.649811	54.998543
-27.097342	-35.76439	55.26162
-28.412745	-33.352821	55.027771
-30.078924	-31.482023	55.36393
-31.014324	-28.105816	54.983921
-33.323589	-24.378836	55.480854
-34.39053	-21.075708	52.981586
-35.530548	-17.5825	50.818474
-35.691319	-14.410991	48.772285
-36.305176	-11.444022	46.550716
-36.422096	-7.541654	43.145279
-37.48904	-4.267758	39.345219
-37.971352	-0.204619	34.668224
-24.33499	18.196434	20.9734
-22.858814	21.397253	18.327974
-37.869045	0.439345	34.843613
-36.977489	9.543993	31.4674
-36.144402	10.888629	27.477345
-34.200523	12.072494	23.677288
-31.847414	13.212511	20.008
-29.932768	13.592518	16.150248
-27.857351	13.782519	13.475593
-25.32885	13.957908	9.631686
-23.253435	13.037125	6.913184
-21.192635	11.838644	4.472376
-19.394913	10.932476	2.16311
-17.670273	9.105524	-0.438468
-15.682549	0.702426	-3.346974
-13.168664	5.217772	-5.62701
-11.487869	2.718503	-8.65244
-8.681672	0.087694	-10.099386
-5.39316	-3.098509	-11.19555
-2.0315	-5.773166	-11.297866
1.783104	-9.280911	-11.28325
4.19468	-12.540193	-11.049401
7.161649	-15.960245	-10.581701
8.75475	-19.994154	-11.239404
10.026308	-23.662672	-11.502485
11.414791	-26.863491	-12.335575
13.080971	-28.821981	-10.304005
14.104064	-30.809704	-10.508623
15.784858	-31.847414	-9.807074
16.369482	-33.162819	-9.310143
17.392576	-34.96053	-9.733995
32.56358	-19.131834	-20.198772
16.98333	-37.18211	1.5638
16.778719	-39.169834	2.16311
16.968723	-41.055248	3.317743
16.603333	-42.45834	4.267758
15.974861	-44.329144	5.20315
15.916398	-45.878399	6.182403
15.185618	-47.252266	0.439345
14.337913	-48.728443	0.83396
14.104064	-49.561531	8.75475
12.934814	-50.80386	9.733995
12.89096	-51.593102	11.999415
12.306343	-52.411575	12.920199
12.48173	-52.923119	15.068693
13.446361	-53.025429	17.14411
14.074832	-52.367729	19.365683
14.469454	-52.192341	21.192635
14.630225	-51.534641	22.128033
15.463315	-50.380005	25.124233
15.638701	-49.40075	26.805029
15.887168	-48.436131	28.54428
16.340252	-47.179188	30.429701
15.974861	-45.834549	32.578194
16.004093	-44.767612	32.665886
15.741012	-43.203743	32.841274
15.404852	-42.531425	33.718212
14.55714	-42.078339	33.586674
13.914061	-41.04063	35.194389
11.911721	-41.406021	35.881321
9.222449	-41.318329	37.152882
22.391113	-24.861151	26.965799
2.5285	-43.247589	49.736919
-3.069278	-44.855305	50.686932
-9.134756	-47.4715	50.55539
-14.849459	-49.386143	48.83075
-18.401052	-48.918446	49.415379
-21.645718	-47.749199	50.131542
-24.33499	-46.185326	50.96463
-26.395792	-43.87606	52.5285
-26.410406	-41.74218	53.785442
-26.90733	-40.207542	54.691612
-26.965799	-38.526745	54.867001
-27.258114	-37.620579	55.510086
-26.761181	-36.568253	55.831631
-27.170416	-34.989769	57.04472
-27.258114	-34.638996	56.73779
-27.404266	-33.104355	56.518562
-27.535809	-32.607426	56.620872
-27.565039	-32.315109	57.23473
-26.848873	-31.978952	57.424728
-26.775795	-31.321251	58.0532
-27.19965	-30.590471	56.547791
-29.596609	-29.786613	56.767029
-31.964338	-27.448114	54.969303
-33.981293	-25.621164	52.630814
-36.334404	-24.554224	50.979244
-38.132126	-23.253435	48.231514
-38.45366	-21.236481	47.193806
-39.272141	-20.14031	44.489914
-41.566792	-19.58491	41.566792
-27.521193	-2.367729	28.821981
-29.4066	-1.490792	26.819643
-47.047649	-18.10874	44.650684
-49.19614	-18.137972	42.063725
-50.979244	-17.436422	38.9506
-52.879272	-17.085648	36.72902
-53.858521	-15.887168	34.828995
-54.589302	-14.060216	32.358959
-55.056999	-13.007893	29.83046
-55.685471	-12.057878	26.90733
-55.539314	-11.19555	23.618824
-55.831631	-10.59631	20.023384
-55.627014	-9.39783	17.129494
-55.247002	-8.65244	14.060216
-54.296989	-7.410114	10.990938
-53.55159	-6.664718	9.66091
-52.689274	-5.524701	8.228588
-51.885414	-4.720842	5.948553
-49.95615	-4.033908	4.077755
-49.780766	-3.142356	3.536978
-50.087696	-2.616194	4.73545
-50.043846	-1.987723	5.700088
-50.073074	-2.689272	5.057001
-50.131542	-3.376206	3.72698
-50.672318	-4.121602	1.943876
-50.847702	-5.963169	-0.540778
-50.438469	-7.0008	-3.858521
-49.824612	-7.877813	-6.343175
-49.89769	-9.207834	-9.543993
-49.166908	-10.245543	-12.247881
-34.14206	-11.341713	-15.887168
-33.323589	4.881614	-27.842735
-47.091492	-13.300204	-9.441684
-44.723763	-14.571762	-11.867875
-42.15141	-15.784858	-14.27945
-39.91523	-18.021048	-16.603333
-36.948261	-19.380299	-18.781059
-32.885124	-21.93803	-19.979538
-28.880444	-25.124233	-21.031862
-24.948845	-26.088863	-21.923414
-20.14031	-27.506578	-22.434959
-16.354866	-28.35428	-22.595732
-13.373282	-29.05583	-21.25109
-9.99	-29.757381	-21.470331
-6.76702	-30.166616	-20.84186
-4.209296	-30.37123	-20.008
-1.300789	-30.546623	-18.927214
1.593101	-31.36509	-17.801813
3.63928	-32.06664	-16.164865
5.831628	-32.738964	-14.849459
8.140895	-33.703594	-12.58404
9.748611	-34.14206	-11.604795
10.333236	-34.624378	-10.114001
12.233266	-34.375916	-8.696288
14.08944	-34.75591	-7.60011
15.171003	-34.25898	-6.387022
16.661795	-35.135925	-6.737796
17.933352	-35.06284	-5.539316
18.357204	-35.486702	-5.919322
19.161064	-36.612103	-5.9924
18.956446	-37.44519	-5.407775
34.697456	-21.10494	-16.427944
35.25285	-21.850336	-14.907922
19.935692	-38.994446	6.854721
20.491085	-38.614441	0.658579
21.10494	-38.322128	8.111663
21.426483	-37.971352	9.105524
21.748028	-36.67056	9.807074
22.434959	-35.165154	9.66091
23.31189	-34.39053	10.625548
23.472668	-32.62204	11.020169
23.86729	-30.941244	11.239404
24.700378	-29.742765	11.327098
24.218065	-27.915815	10.610932
24.27652	-25.825781	9.880153
23.648056	-24.071909	0.746273
23.4142	-22.5665	0.673195
23.04881	-20.651855	8.28705
23.31189	-19.657995	9.792459
22.522654	-17.9772	11.604795
22.11341	-16.237942	12.496346
22.084185	-14.55714	12.94943
21.309559	-13.007893	12.94943
21.134171	-11.341713	13.81175
19.789536	-9.222449	13.490208
18.85413	-7.863198	13.285589
18.576441	-5.787781	12.642503
16.98333	-3.72698	13.314821
15.448	-2.133879	14.308682
14.016369	-0.555393	13.460976
13.007893	1.37386	12.350189
27.068108	3.113125	10.961
25.5334	20.28646	-0.657702
9.500146	4.910845	18.64951
7.4685	6.650102	17.334112
5.466238	0.760888	15.667933
3.712365	8.9886	14.732533
0.789243	10.347852	11.56094
-3.346974	10.800936	6.29932
-7.892429	10.961	3.522362
-12.145572	11.736334	1.344636
-16.369482	11.28325	0.453084
-20.622625	11.005553	0.467699
-24.291143	11.765566	2.586963
-27.535809	11.79479	4.033908
-29.216602	12.21865	6.59164
-31.189711	12.452499	8.360128
-32.607426	12.774043	10.771705
-33.79129	12.832504	13.344051
-35.150539	12.072494	16.82256
-36.31979	12.174803	20.081848
-37.255188	11.45863	24.67115
-36.261326	11.546331	29.085064
-34.975155	10.669394	33.68898
-32.943581	9.58784	37.547501
-30.488161	8.740134	40.733704
-29.304296	6.898568	41.771412
-27.915815	4.457761	43.627594
-26.629642	1.344636	45.483776
-25.59193	-2.192341	46.331482
-25.0073	-4.983923	46.740719
-24.84653	-8.418591	47.076878
-9.500146	6.635486	47.339958
-9.558608	2.557732	36.83133
-24.408068	-18.576441	57.6585
-23.28266	-22.610348	57.892429
-22.464191	-27.301958	58.66705
-21.061092	-31.935108	56.942413
-19.248758	-35.472084	55.904705
-18.00643	-38.9506	55.027771
-15.404852	-42.429115	53.288513
-13.709442	-45.995323	51.490791
-12.671733	-48.816135	48.991524
-11.180941	-51.534641	46.156094
-11.487869	-53.990059	43.203743
-11.09324	-56.167786	40.280621
-10.640163	-58.184742	37.605961
-10.815551	-59.558605	34.361298
-11.180941	-60.800934	30.63431
-11.707104	-61.385559	27.755043
-11.692488	-61.984802	25.182693
-11.692488	-62.87635	22.201111
-11.75095	-63.519436	19.146448
-12.277112	-63.37328	15.901783
-11.940953	-63.0225	12.510962
-12.379421	-62.700962	9.456299
-12.671733	-62.0578	5.495469
-13.373282	-61.093246	2.133879
-13.665594	-60.099388	-2.060801
-13.592518	-59.280914	-5.743935
-13.694826	-57.629349	-8.959369
-13.270972	-56.518562	-12.204034
-13.431746	-55.276234	-15.200233
1.710026	-37.576733	-27.404266
-13.840982	-52.879272	-9.95323
-14.016369	-51.227715	-11.107863
-14.294065	-49.693073	-11.970184
-15.054078	-48.158436	-12.774043
-15.34639	-47.4715	-14.220989
-15.171003	-46.24379	-14.92253
-15.068693	-45.001461	-15.521776
-14.951769	-44.212219	-15.784858
-15.171003	-43.934521	-16.077169
-14.484069	-43.306049	-16.31102
-13.563286	-42.999123	-16.5741
-12.525578	-43.15989	-16.5741
-11.297866	-43.978371	-16.047939
-10.713242	-43.949139	-14.995615
-9.86553	-43.072201	-16.9541
-8.65244	-41.508331	-16.85179
-8.579363	-40.967552	-17.392576
-7.220111	-39.97369	-17.100262
-6.708565	-39.710609	-17.11488
-5.524701	-39.374454	-17.027184
-5.43	-39.31599	-16.705641
-5.173926	-38.789825	-16.997953
-3.902368	-38.9506	-17.261034
-3.010816	-38.365974	-18.152588
-2.689272	-36.93364	-19.61414
-2.250804	-36.31979	-20.622625
-2.221573	-35.501316	-22.434959
-2.923122	-34.712074	-23.779596
-4.121602	-34.171295	-25.518856
10.976323	-32.095879	-27.375036
10.318621	-15.989476	-38.585209
-5.948553	-32.095879	-18.62028
-6.752411	-31.204325	-18.75182
-7.439345	-30.078924	-19.526455
-6.927799	-30.005846	-19.058756
-6.343175	-29.46506	-18.707981
-5.904706	-29.187372	-17.9772
-5.086232	-28.529671	-18.430285
-5.407775	-28.266588	-18.035662
-6.050862	-27.95966	-18.415668
-6.065478	-26.951185	-17.904121
-5.729319	-26.512714	-18.678749
-5.15931	-26.088863	-17.933352
-5.247004	-25.942	-19.234142
-5.510085	-25.723473	-17.904121
-6.080093	-25.21192	-18.24028
-6.854721	-24.817305	-18.883368
-6.854721	-24.583454	-18.37182
-7.877813	-24.086525	-18.766441
-7.775504	-23.458054	-19.117216
-7.585502	-22.522654	-18.386436
-6.82549	-21.265713	-17.904121
-6.138556	-20.564163	-18.401052
-4.60391	-19.599531	-19.511839
-3.025431	-18.225666	-19.4533
-1.622333	-17.465654	-20.257235
-0.263081	-16.194096	-20.461853
1.0084	-15.273312	-20.695704
1.870798	-14.995615	-20.900322
1.593101	-14.235603	-21.791874
18.766441	3.244665	-31.89126
5.144694	-13.241742	-9.82169
7.0885	-12.920199	-7.717041
9.427069	-13.227126	-5.919322
11.107863	-13.972523	-4.106986
12.68635	-14.498685	-2.39696
13.607132	-14.235603	-0.204619
13.972523	-13.124818	1.096171
13.402514	-12.028646	1.446945
13.446361	-10.684011	1.300789
12.01403	-9.353991	0.760012
11.020169	-8.06781	-0.087694
10.187079	-7.205495	0.13154
9.95323	-6.445484	0.526162
9.99	-5.875475	1.344636
9.967846	-5.62701	1.84156
10.976323	-5.290851	3.010816
10.990938	-5.232388	4.340836
11.107863	-5.583163	4.940076
11.444022	-5.247004	6.007015
10.903244	-3.551593	6.547793
10.245543	-2.893891	6.854721
9.03244	-1.169249	6.474715
7.819351	0.321543	5.860859
5.612394	1.84156	4.033908
3.931599	3.551593	2.016954
1.315405	4.676995	-0.496931
-0.993861	5.75855	-3.083894
-2.689272	6.255481	-5.042385
-4.106986	6.5331	-7.05934
10.391698	23.60421	-19.292604
9.193218	23.852674	-20.111078
-7.4685	0.541654	1.037708
-9.03244	0.731658	0.803859
-10.011692	8.301666	-0.102309
-11.078632	0.994738	-0.584624
-11.66325	0.702426	-1.914645
-13.577901	0.395498	-3.449284
-16.354866	6.737796	-5.115463
-18.85413	5.43	-6.708565
-21.484945	3.390821	-8.871675
-23.531132	2.16311	-9.923999
-22.975739	1.271558	-11.66325
-22.11341	-0.496931	-12.642503
-20.213388	-1.300789	-13.344051
-18.415668	-3.259281	-15.273312
-17.290266	-5.773166	-16.5741
-16.58871	-9.207834	-17.611809
-16.325636	-12.423268	-19.117216
-16.135633	-15.448	-19.964924
-15.594855	-17.889505	-20.476469
-15.653318	-19.950306	-20.783396
-14.864075	-21.791874	-21.426483
-14.08944	-24.17421	-22.098803
-12.9932	-25.021923	-23.355743
-11.955568	-26.52733	-24.539608
-12.39403	-28.339666	-25.124233
-11.341713	-31.598946	-26.322714
-11.19555	-35.150539	-26.965799
-10.406314	-38.322128	-26.90733
3.902368	-41.055248	-26.921951
4.79392	-25.489622	-37.576733
5.305466	-28.018124	-35.866703
-9.982462	-48.026894	-12.48173
-9.777843	-51.417713	-9.090909
-10.435545	-53.71236	-6.372406
-11.45863	-54.779305	-5.247004
-12.145572	-56.065475	-3.142356
-13.05174	-57.205498	-1.052324
-13.870214	-58.783985	1.140018
-14.206372	-59.57322	2.966969
-14.951769	-60.128616	5.363928
-16.12101	-60.713242	0.5562
-16.82256	-61.634029	10.304005
-16.58871	-62.145573	13.300204
-17.509501	-62.700962	17.14411
-17.377958	-61.780178	20.637241
-16.676411	-61.473255	24.14498
-15.960245	-60.43554	28.339666
-15.317159	-59.339375	31.452793
-14.308682	-57.746273	35.35516
-13.607132	-55.933941	37.869045
-12.657118	-54.253143	39.988308
-11.078632	-52.908504	41.435253
-9.485531	-51.359253	41.537563
-7.848582	-49.678455	41.303711
-5.466238	-47.953815	41.756798
-3.683133	-46.11224	40.704475
-1.812336	-44.446068	40.105232
0.27769	-42.560654	38.702133
1.43233	-41.406021	37.532883
2.67465	-40.032154	36.436714
18.766441	-22.683426	25.138849
4.5016	-37.85442	45.176849
5.378544	-37.255188	44.592224
5.597778	-36.919029	44.358376
6.182403	-36.48056	45.308392
6.211634	-36.188248	45.132999
6.752411	-36.436714	44.694534
6.35779	-35.793625	44.796841
6.737796	-35.209003	45.162235
7.117802	-34.565918	45.483776
7.05934	-35.165154	45.279156
6.197019	-35.384388	45.673779
5.656241	-36.085938	45.469162
4.764689	-37.050568	45.980705
3.63928	-38.65828	46.199944
2.192341	-40.046768	45.84916
1.33002	-42.239113	45.703011
-0.59924	-44.460686	44.519146
-1.783104	-46.930721	44.0806
-3.346974	-48.976906	42.370651
-5.188541	-51.081554	40.821396
-6.781643	-52.455425	39.155216
-8.170126	-54.662376	36.714409
-8.25782	-56.401634	32.753582
-8.9886	-57.877815	28.602749
-8.813212	-58.696289	24.188833
-8.140895	-60.18	19.935692
-8.111663	-61.122478	15.054078
-7.278574	-61.4001	9.82169
-5.597778	-60.917862	6.372406
10.055539	-44.12452	-7.0885
-3.843905	-59.675533	10.976323
-1.169249	-59.222446	9.675533
1.359252	-57.541656	8.520901
3.72698	-56.2701	8.038585
6.284712	-54.3993	0.4685
9.076294	-52.206959	0.658579
11.590178	-50.321545	0.570886
13.738672	-48.114586	8.973985
16.062555	-46.083015	10.610932
17.11488	-44.709148	11.940953
19.146448	-42.736042	13.197896
20.257235	-40.514469	16.705641
21.14878	-37.869045	19.161064
21.850336	-35.61824	21.455713
21.981876	-33.060509	24.364222
21.850336	-30.619701	27.287344
21.70418	-28.748903	30.005846
21.017246	-26.4981	32.841274
19.74568	-23.998831	35.077461
18.64951	-22.391113	37.59134
17.217188	-20.461853	39.885998
16.296404	-18.824905	40.704475
15.127155	-17.52411	40.48523
13.446361	-15.901783	40.38292
13.022508	-16.28179	39.652149
12.496346	-16.442562	38.541363
12.598655	-16.267174	38.000584
12.01403	-17.261034	35.92516
12.145572	-18.123356	36.451332
27.272728	-1.92926	24.788074
11.707104	-19.921076	45.805321
11.400175	-20.900322	46.521484
9.836305	-22.80035	48.436131
7.907045	-25.504238	50.701546
4.443145	-28.13505	52.703888
2.586963	-29.05583	53.800056
1.300789	-29.845074	54.296989
0.248465	-30.283543	53.814674
-0.906168	-30.809704	54.735458
-2.046185	-31.087402	54.662376
-3.756212	-30.92663	55.188541
-7.5562	-32.06664	56.357788
-13.402514	-35.077461	55.349316
-20.827244	-37.518269	53.800056
-28.13505	-39.228294	51.446945
-32.738964	-40.850628	48.4799
-36.919029	-42.239113	45.08915
-38.965218	-42.619118	41.596024
-40.865246	-43.554516	40.163696
-42.575272	-43.759136	38.102894
-43.729904	-43.890675	36.275944
-45.33762	-43.4229	33.703594
-47.033031	-43.67144	30.8974
-47.1645	-44.489914	28.821981
-46.769951	-44.460686	27.901199
-46.667641	-44.67992	26.4688
-47.661503	-44.168369	24.408068
-47.924583	-44.109909	22.259573
-49.079216	-43.525284	19.731073
-34.843613	-26.761181	6.211634
-50.774628	-44.358376	22.522654
-50.087696	-45.64455	18.07951
-49.736919	-46.419178	14.527915
-49.576149	-46.726105	13.285589
-48.421513	-47.339958	12.043262
-47.997662	-48.012276	11.341713
-47.61765	-48.289974	11.546331
-47.939198	-48.260742	10.874014
-48.056122	-48.158436	11.984799
-47.866119	-47.5738	12.569425
-48.728443	-46.974571	13.490208
-48.976906	-46.65302	13.373282
-49.313065	-46.083015	13.066355
-49.459221	-45.717628	13.154049
-49.941536	-45.249928	13.25635
-50.350773	-44.840691	11.838644
-50.496929	-43.890675	11.45863
-51.417713	-42.896812	10.201695
-51.446945	-42.107571	9.03244
-51.008476	-41.420639	6.810874
-51.534641	-40.602161	5.086232
-51.476173	-39.695995	3.288512
-50.511543	-39.389069	0.13154
-50.10231	-39.505993	-3.756212
-48.012276	-39.666763	-8.243204
-45.469162	-39.082138	-12.657118
-43.832214	-38.102894	-16.734873
-42.136803	-36.553638	-20.578
-26.103479	-35.296696	-22.975739
-23.34112	-17.465654	-35.486702
-35.35516	-33.177433	-16.632563
-33.703594	-32.56358	-17.743351
-32.008186	-32.651272	-17.933352
-31.803566	-33.060509	-17.538731
-31.16048	-33.645134	-17.933352
-29.888922	-34.05436	-17.91873
-28.368898	-33.952061	-18.722595
-25.9134	-33.674366	-19.950306
-23.355743	-33.513596	-19.877228
-20.198772	-33.075123	-20.432623
-17.55334	-32.78281	-19.818766
-15.361005	-32.534348	-20.271851
-12.964046	-32.329731	-20.008
-11.312482	-31.686644	-19.438761
-10.464776	-31.33586	-19.74568
-10.333236	-30.181232	-20.213388
-10.610932	-29.05583	-20.783396
-9.646302	-30.254311	-19.90646
-8.374743	-31.408945	-18.75182
-3.946214	-31.438175	-17.743351
1.183864	-33.265125	-14.995615
3.098509	-34.317451	-14.55714
4.9693	-35.589008	-14.937154
5.524701	-35.76439	-16.004093
6.182403	-35.282082	-16.457176
6.708565	-34.638996	-18.07951
7.483192	-33.645134	-18.985676
7.29319	-32.125111	-20.534931
22.595732	-14.834844	-20.564163
23.107279	-13.314821	-31.730488
8.28705	-29.26045	-11.677872
9.178602	-27.988894	-10.201695
10.669394	-27.009645	-9.836305
10.36246	-25.986553	-9.251681
11.25402	-25.285006	-8.184741
11.897106	-25.577316	-7.32242
12.247881	-26.439636	-5.919322
13.168664	-27.185036	-4.32622
13.82636	-28.398129	-3.96083
14.220989	-29.815844	-3.156971
15.054078	-31.145864	-2.411576
15.200233	-32.607426	-2.367729
15.47793	-33.776672	-1.534639
15.536393	-34.375916	-1.651564
14.542532	-35.092079	-2.76235
13.709442	-35.25285	-4.457761
12.58404	-36.62671	-4.647764
11.75095	-37.898273	-5.963169
10.59631	-38.921368	-5.948553
9.16398	-41.44986	-6.153172
7.497808	-43.612976	-6.854721
5.086232	-45.819935	-7.570886
3.083894	-48.83075	-8.579363
0.920783	-50.96463	-8.710903
-1.490792	-53.478516	-7.380883
-2.046185	-56.021629	-6.606256
-2.5285	-58.023972	-4.413914
-1.79772	-59.2663	-2.5285
14.030986	-42.969891	-1.388483
14.64484	-43.05758	-10.5524
1.593101	-58.754749	11.838644
4.355452	-58.023972	12.847121
6.869336	-55.890091	12.510962
9.134756	-54.238529	10.435545
11.75095	-52.016956	8.725519
13.300204	-49.29845	5.933938
13.928676	-46.492256	4.121602
15.375622	-44.051449	1.4761
15.11254	-41.581409	-0.59924
14.966384	-39.564453	-1.943876
14.410991	-38.365974	-3.624671
14.17714	-37.430576	-4.165449
14.14791	-36.553638	-3.96083
14.323298	-35.939781	-4.37006
15.302544	-35.384388	-3.668518
15.799473	-34.75591	-2.923122
16.47179	-34.507454	-2.148495
16.58871	-33.586674	-2.250804
17.11488	-32.592808	-1.885414
17.319498	-31.715874	-1.914645
18.211048	-30.342	0.058462
19.131834	-29.450453	1.739258
19.877228	-27.755043	2.367729
20.359545	-26.439636	2.747735
20.651855	-24.349606	3.82929
20.914938	-23.238819	4.73545
21.00263	-22.522654	5.75855
21.528793	-21.061092	5.875475
36.363636	-22.332651	5.933938
35.779011	-2.060801	-4.384683
20.476469	-17.494884	16.82256
19.394913	-15.34639	19.131834
19.161064	-14.016369	20.491085
18.766441	-13.066355	22.727274
18.75182	-12.730196	23.91113
18.181818	-11.79479	25.840399
17.845659	-11.66325	27.272728
17.187958	-10.903244	29.0266
16.501022	-10.771705	30.648932
16.17948	-10.450161	33.002045
14.45483	-10.610932	35.910553
12.774043	-10.36246	38.175972
10.464776	-10.143233	41.230633
7.863198	-10.5524	43.686058
5.144694	-10.581701	47.047649
1.096171	-10.581701	49.48845
-3.376206	-11.692488	51.768486
-8.725519	-12.130956	53.990059
-15.054078	-13.110201	54.311604
-22.391113	-14.060216	54.3993
-29.46506	-15.244081	52.17772
-36.553638	-16.325636	48.83075
-42.180649	-17.261034	43.042969
-46.974571	-18.678749	37.22596
-51.256943	-19.71645	30.970474
-54.384686	-20.84186	25.080385
-56.32856	-22.21572	18.24028
-57.190876	-23.531132	12.29172
-42.852966	-7.424729	0.044724
-43.042969	-8.506285	-6.284712
-57.424728	-27.097342	9.617071
-56.460102	-28.441978	6.197019
-54.852383	-30.882782	1.534639
-52.148499	-32.78281	-2.133879
-49.95615	-34.814381	-5.320082
-47.10611	-36.772873	-7.746273
-44.153755	-38.994446	-9.646302
-40.646011	-40.63139	-11.034785
-37.415962	-42.54604	-11.604795
-35.384388	-44.796841	-12.21865
-32.841274	-46.419178	-12.306343
-30.108156	-47.544579	-11.984799
-27.594271	-48.260742	-12.306343
-25.32885	-49.64922	-12.452499
-23.428822	-49.663841	-12.744811
-21.441099	-49.809998	-12.350189
-19.219526	-49.693073	-12.657118
-16.895645	-48.947678	-13.197896
-14.717918	-48.421513	-13.504823
-12.657118	-47.690735	-13.007893
-11.634025	-46.81379	-13.504823
-10.713242	-46.492256	-15.244081
-10.406314	-45.90762	-17.11488
-10.391698	-45.293774	-17.9772
-9.558608	-44.943001	-19.497223
-9.485531	-44.621456	-20.958784
-9.777843	-44.621456	-22.230343
-10.347852	-44.826	-23.487286
4.574686	-27.243496	-23.297281
3.697749	-27.345806	-35.092079
-13.270972	-44.402222	-14.966384
-13.82636	-45.571472	-13.621748
-13.797135	-46.316864	-12.847121
-14.630225	-48.216896	-12.39403
-15.828705	-49.576149	-11.25402
-17.27565	-50.920784	-9.03244
-18.225666	-53.127743	-6.5331
-19.994154	-54.691612	-4.180064
-21.192635	-55.97778	-1.110786
-22.595732	-56.620872	0.073078
-23.165741	-58.0532	2.104648
-22.829582	-58.46243	3.87313
-22.741888	-59.032448	5.773166
-22.34726	-59.5293	6.12394
-21.41186	-60.23093	6.445484
-20.754166	-60.011692	6.913184
-20.081848	-60.508621	0.819351
-19.058756	-60.625546	8.15551
-18.459515	-60.479389	0.804736
-18.766441	-60.274773	6.854721
-18.722595	-60.420929	6.781643
-18.269512	-60.464775	5.977784
-17.567963	-60.669392	3.63928
-17.202572	-60.874016	2.80619
-16.442562	-60.640163	1.446945
-16.135633	-61.078632	0.116925
-15.916398	-61.327099	-0.321543
-14.995615	-61.648643	-1.593101
0.453084	-44.928383	-1.79772
0.482315	-44.840691	-12.58404
-14.79099	-61.458633	8.4332
-14.104064	-61.341713	8.33089
-13.563286	-61.268635	9.383221
-12.759428	-61.341713	9.529378
-11.911721	-61.341713	9.792459
-12.116341	-61.590176	9.631686
-11.590178	-61.429405	9.66091
-11.736334	-61.619408	8.696288
-11.370944	-60.932476	8.140895
-10.947091	-61.268635	0.117802
-11.356328	-61.531715	0.395498
-11.897106	-61.180943	0.512424
-12.072494	-61.370945	0.424729
-12.657118	-61.444019	0.83396
-13.373282	-61.487873	8.0239
-13.899444	-61.619408	8.374743
-14.294065	-62.233265	8.783981
-15.331775	-62.21864	8.710903
-15.638701	-62.320961	9.251681
-16.47179	-62.072491	10.245543
-16.31102	-62.803276	10.537854
-16.9541	-62.21864	10.011692
-17.24642	-62.9202	9.03244
-17.012569	-62.379421	0.453961
-16.237942	-62.262493	5.919322
-14.8933	-61.999416	3.653902
-14.834844	-61.224789	2.002338
-13.81175	-61.078632	-0.394621
1.651564	-44.24144	-1.987723
2.470038	-43.642212	-13.972523
-12.510962	-59.865536	5.743935
-11.590178	-59.207832	5.057001
-10.479392	-58.988602	3.712365
-9.748611	-58.11166	2.93773
-9.193218	-57.877815	1.315405
-8.56474	-56.752415	-0.13154
-8.126279	-55.685471	-1.943876
-7.775504	-54.910843	-4.033908
-7.658579	-53.113129	-5.919322
-8.038585	-51.096172	-7.863198
-8.75475	-49.517685	-10.932476
-9.149372	-47.603043	-11.940953
-10.201695	-46.199944	-13.080971
-10.742473	-44.796841	-13.899444
-10.610932	-43.802982	-14.864075
-10.757089	-43.963753	-15.01023
-10.318621	-43.656826	-15.463315
-10.23092	-43.101433	-15.72639
-9.543993	-42.341419	-15.960245
-9.339375	-42.750656	-16.442562
-9.003215	-42.09295	-16.267174
-9.105524	-41.157555	-18.415668
-8.915522	-40.456005	-19.77492
-8.769365	-39.345219	-21.221865
-8.53551	-38.395206	-22.595732
-8.009354	-37.328266	-25.299622
-8.053201	-35.837475	-27.141186
-7.877813	-34.536686	-28.456593
7.0008	-17.52411	-32.92896
7.030108	-15.799473	-40.996784
-8.418591	-30.8974	-20.198772
-8.9886	-28.500439	-20.768782
-10.026308	-26.381174	-20.944168
-10.260158	-25.095001	-21.397253
-10.874014	-23.165741	-21.25109
-11.502485	-21.41186	-21.14878
-12.350189	-19.219526	-20.827244
-13.154049	-16.58871	-20.520315
-13.987139	-13.840982	-20.125694
-14.951769	-11.122478	-19.292604
-15.551008	-8.813212	-19.0733
-16.968723	-6.971645	-17.757965
-18.10874	-4.019292	-16.74948
-18.37182	-1.4761	-15.097925
-20.081848	1.081555	-13.534054
-21.163403	3.463899	-11.356328
-21.923414	5.130079	-9.514762
-23.268049	6.942414	-7.23472
-24.408068	0.643963	-5.290851
-25.065771	8.696288	-3.522362
-25.986553	9.529378	-1.286174
-26.4981	10.567085	-1.388483
-27.375036	11.137094	-0.862321
-28.398129	11.780182	-0.40923
-29.538145	12.437883	1.446945
-29.69891	12.554808	2.338498
-30.254311	13.270972	3.756212
-30.152002	13.431746	4.9693
-15.11254	30.268929	6.810874
-15.624086	30.736628	-2.733119
-31.014324	13.080971	21.061092
-30.678165	12.788658	25.255772
-30.648932	11.765566	29.523531
-30.22508	10.567085	34.127445
-29.391993	8.959369	37.898273
-28.485823	0.32242	40.894474
-28.32505	5.890091	43.291435
-26.980415	3.215434	45.834549
-26.205788	0.701549	48.348434
-25.226542	-2.323882	50.336159
-24.11575	-5.247004	52.470039
-23.589594	-7.351652	53.829288
-22.595732	-9.353991	54.735458
-21.660334	-11.45863	55.334698
-22.142649	-13.241742	56.13855
-22.084185	-15.653318	56.957031
-21.996492	-17.860275	56.913185
-22.508039	-19.117216	56.927799
-22.361881	-20.28646	56.971645
-22.142649	-21.806488	57.04472
-21.791874	-23.019585	56.255486
-22.405729	-24.831921	55.203159
-23.443438	-27.535809	53.566212
-25.255772	-30.532009	51.973106
-26.176558	-31.993568	50.277699
-26.381174	-33.601288	48.450745
-26.483484	-34.463608	47.10611
-26.220402	-35.603626	45.323006
-11.268635	-19.044138	44.299911
-11.79479	-19.628763	33.265125
-27.053493	-37.269802	53.054661
-27.79888	-38.117512	53.14235
-27.506578	-39.272141	52.5285
-27.214264	-39.783688	52.046185
-27.477345	-40.38292	51.62233
-27.79888	-40.821396	51.008476
-27.784273	-41.829876	50.584625
-27.8135	-42.516808	50.10231
-27.9742	-42.516808	50.643085
-28.266588	-41.917568	50.292313
-29.085064	-40.704475	50.80386
-30.385853	-39.125988	51.183861
-31.745104	-37.48904	51.344635
-33.016663	-35.194389	51.783104
-34.507454	-33.352821	51.900028
-35.793625	-30.035078	52.265419
-37.547501	-27.594271	52.046185
-39.476761	-24.393454	50.96463
-41.142941	-21.777258	49.13768
-43.189125	-18.459515	48.596901
-43.9199	-15.28792	47.1645
-44.913769	-12.130956	45.732243
-45.717628	-10.260158	42.122185
-46.959953	-7.0008	37.869045
-47.4715	-4.706226	33.469746
-48.363052	-1.622333	29.581993
-47.5738	2.133879	24.861151
-46.024555	5.729319	19.570301
-44.694534	0.892429	15.828705
-28.719673	26.059631	2.689272
-41.28909	11.312482	20.374159
-37.810581	13.270972	18.488745
-34.44899	14.55714	17.187958
-29.684301	15.141771	17.348728
-25.32885	15.536393	16.881029
-21.25109	15.75562	18.5179
-16.924875	15.317159	20.403391
-12.9932	14.410991	20.988016
-10.304005	13.636364	22.493423
-7.83396	12.89096	22.814966
-5.100848	11.838644	22.931892
-2.76235	10.713242	22.844198
-0.160772	9.16398	23.86729
2.908506	6.883952	25.255772
6.372406	4.530839	27.448114
9.383221	1.4761	29.888922
10.874014	-2.177726	32.475883
12.496346	-5.33469	35.428238
13.183279	-8.520901	37.85442
12.934814	-11.268635	40.309853
12.540193	-14.206372	42.297573
11.297866	-16.968723	44.446068
10.347852	-20.28646	45.235313
8.506285	-23.691902	46.083015
6.781643	-26.951185	45.586086
4.779304	-30.838936	44.98684
2.20695	-34.887459	44.036831
-0.04384	-38.833675	41.3914
-1.417714	-43.5106	40.412159
10.523239	-28.719673	27.988894
-7.863198	-48.304592	46.638412
-9.967846	-51.373871	45.469162
-11.853259	-53.39082	43.77375
-13.285589	-54.691612	41.303711
-14.074832	-55.3054	40.602161
-15.682549	-55.919319	40.397545
-16.150248	-55.787785	40.280621
-17.480268	-55.933941	40.836014
-18.181818	-56.109325	41.259869
-18.474131	-55.42239	41.479099
-19.161064	-55.027771	42.209881
-19.541069	-54.282372	42.312191
-19.74568	-53.7416	43.21835
-20.14031	-52.981586	44.329144
-20.330313	-52.016956	45.43993
-20.403391	-51.432331	45.64455
-22.21572	-51.593102	45.483776
-25.270388	-52.440804	42.516808
-29.655071	-53.449284	38.336746
-35.442852	-54.121601	32.56358
-39.593685	-53.71236	26.059631
-42.166035	-53.156971	20.73955
-43.832214	-51.57848	16.17948
-44.957615	-50.760014	13.519439
-45.980705	-49.941536	11.25402
-47.062263	-49.269218	8.520901
-47.442268	-48.085358	4.223911
-47.749199	-47.281498	1.783104
-33.411282	-45.059925	1.286174
-34.185909	-28.427359	-10.713242
-49.941536	-43.759136	5.846244
-49.4446	-41.712948	0.526162
-47.51534	-39.41829	-4.83776
-45.454548	-38.175972	-7.249342
-44.329144	-37.562119	-8.9009
-42.765274	-36.5828	-11.824028
-39.885998	-34.60976	-15.11254
-36.597488	-32.388191	-16.778719
-33.308975	-30.502779	-18.561823
-29.815844	-28.061972	-20.432623
-26.337328	-26.249636	-20.914938
-22.34726	-24.788074	-22.084185
-19.35106	-23.63344	-22.186495
-16.325636	-22.654196	-21.821106
-13.460976	-22.157265	-21.309559
-10.976323	-21.309559	-20.432623
-8.9009	-21.41186	-20.44723
-6.82549	-21.17801	-19.248758
-4.750073	-20.44723	-18.444899
-2.791581	-20.067232	-17.860275
-0.935399	-19.482609	-17.158726
0.83309	-18.357204	-17.538731
2.455422	-16.617949	-17.757965
3.434668	-15.083308	-17.5825
4.618533	-13.139433	-17.509501
5.26162	-11.473253	-17.480268
6.35779	-12.335575	-17.933352
6.883952	-14.484069	-19.58491
22.391113	-17.567963	-21.748028
21.879568	-1.227711	-33.805904
6.430868	-20.228003	-14.19175
7.0885	-21.748028	-12.68635
9.310143	-22.624964	-10.494008
12.554808	-23.194971	-7.804736
14.981	-24.656532	-3.536978
17.567963	-26.454252	0.321543
19.541069	-28.032738	4.37006
21.17801	-29.888922	9.310143
21.718796	-31.277403	14.484069
21.864952	-33.13358	18.795673
21.73341	-35.033615	23.531132
21.046478	-35.735165	27.915815
19.760305	-36.436714	31.86203
17.9772	-36.714409	35.735165
15.974861	-37.079803	39.827534
13.72405	-36.085938	42.560654
11.020169	-35.121311	46.886875
7.527039	-33.952061	50.584625
3.054662	-32.812042	52.908504
-1.739258	-31.935108	54.676998
-5.890091	-31.423559	56.664719
-9.58784	-30.970474	56.372406
-13.314821	-30.882782	55.3054
-15.75562	-31.62818	53.960831
-17.348728	-32.373573	51.987724
-19.818766	-33.045895	49.79538
-22.259573	-33.674366	49.152294
-24.72961	-33.645134	47.325344
-10.523239	-31.803566	46.068401
-12.68635	-16.106401	34.478222
-29.538145	-32.242035	54.150833
-32.578194	-31.204325	53.931599
-34.127445	-30.765858	53.7416
-35.369774	-30.108156	52.952354
-36.334404	-30.488161	53.186203
-36.422096	-30.838936	52.923119
-36.860569	-30.838936	52.762348
-36.012859	-31.49663	52.382343
-36.1151	-31.36509	51.841568
-37.869045	-30.809704	51.57848
-38.745983	-29.69891	50.920784
-41.069862	-27.375036	49.722301
-43.042969	-24.788074	48.626133
-44.67992	-23.268049	46.857643
-45.936863	-21.73341	46.5068
-46.258404	-20.856474	45.878399
-46.886875	-19.950306	45.308392
-47.529964	-19.204912	44.636
-47.997662	-18.24028	43.656826
-49.049984	-18.532593	42.443729
-50.248466	-18.693365	41.74218
-51.081554	-18.07951	38.322128
-52.572346	-17.845659	35.428238
-53.376205	-18.386436	32.008186
-53.376205	-17.889505	31.482023
-53.434669	-17.567963	30.093538
-53.069275	-17.290266	28.865829
-52.952354	-17.377958	27.9742
-38.219818	-0.83309	27.95966
-37.956738	-1.023093	16.58871
-53.916985	-18.00643	35.179771
-54.940075	-19.000292	34.215141
-55.42239	-19.102602	32.56358
-56.255486	-19.380299	31.555101
-56.240864	-19.804152	30.72201
-56.547791	-20.008	29.815844
-57.0008	-19.891844	28.222742
-57.4978	-20.301081	26.951185
-57.527042	-20.549545	25.518856
-58.11166	-21.207249	23.574978
-58.170128	-21.236481	21.923414
-58.550133	-21.28032	19.58491
-58.535515	-22.128033	16.997953
-58.184742	-22.025724	13.987139
-57.907043	-22.288803	13.066355
-57.848583	-22.157265	10.990938
-57.629349	-22.420345	8.06781
-56.88395	-22.5665	5.057001
-55.685471	-23.063431	1.534639
-53.7416	-23.297281	-2.63081
-52.192341	-24.11575	-4.676995
-51.33001	-25.314236	-7.351652
-49.970772	-26.600409	-10.187079
-49.29845	-27.550423	-12.21865
-48.216896	-28.529671	-14.45483
-46.799183	-30.093538	-16.442562
-45.513008	-31.818182	-18.021048
-41.888336	-33.192051	-20.301081
-27.725809	-17.012569	-21.528793
-25.9134	-18.415668	-34.49284
-38.877522	-36.52441	-14.060216
-35.632854	-37.576733	-15.536393
-32.680504	-38.629055	-16.237942
-30.22508	-40.470623	-16.51564
-27.097342	-41.712948	-15.521776
-24.349606	-43.686058	-14.995615
-21.499561	-45.571472	-14.498685
-18.737211	-47.252266	-13.577901
-15.94563	-48.626133	-11.940953
-13.943291	-50.014614	-10.625548
-12.057878	-50.847702	-9.748611
-9.99	-51.768486	-8.28705
-9.12014	-52.601578	-6.76702
-8.842443	-54.092373	-4.881614
-8.403975	-55.115463	-4.223911
-7.29319	-55.495472	-2.9962
-7.337036	-56.401634	-0.789243
-6.343175	-58.082432	2.80619
-4.545455	-59.412449	6.82549
-2.67465	-59.909386	11.166326
-1.417714	-60.494	14.776381
-1.037708	-59.997074	16.51564
-0.102309	-60.04092	17.348728
0.73078	-59.032448	18.591055
1.680795	-58.696289	20.534931
2.893891	-57.439346	22.4788
3.785443	-55.773163	25.226542
4.384683	-54.04852	27.024263
19.336452	-36.12978	28.251972
20.374159	-34.317451	19.701841
5.553932	-49.13768	42.239113
5.407775	-46.857643	44.109909
5.290851	-45.425312	45.220695
5.130079	-44.519146	46.726105
5.39316	-43.232971	47.193806
5.247004	-42.721428	47.807659
4.647764	-42.268341	48.859985
4.077755	-41.873722	49.064602
4.033908	-41.888336	49.70768
3.580824	-42.341419	49.239986
4.121602	-44.270683	48.363052
3.668518	-46.273022	46.550716
3.756212	-49.283836	44.88453
3.317743	-51.359253	41.990646
2.411576	-53.668518	39.155216
2.5285	-55.773163	36.349018
2.908506	-56.88395	33.703594
3.186203	-57.804733	30.809704
3.668518	-58.652443	27.19965
3.580824	-59.207832	23.28266
3.785443	-59.558605	18.897984
2.426191	-60.157848	10.245543
0.555393	-59.427071	1.79772
-2.294651	-57.4978	-4.662379
-4.940076	-55.290848	-10.084
-7.030108	-53.94621	-13.563286
-9.003215	-52.499271	-17.100262
-10.42093	-50.847702	-19.921076
3.653902	-51.797718	-22.581118
0.77462	-31.072786	-34.682838
-17.027184	-45.513008	-15.565623
-19.964924	-44.256065	-17.041801
-22.508039	-41.902954	-17.30488
-25.621164	-40.01754	-17.290266
-28.938908	-37.942123	-17.436422
-32.78281	-36.159019	-16.632563
-36.509792	-34.288219	-14.674072
-41.3914	-32.16895	-13.227126
-44.943001	-29.318914	-10.040924
-48.4799	-25.884243	-6.284712
-51.198483	-24.101139	-3.40543
-53.785442	-22.332651	-0.745396
-55.495472	-20.111078	3.653902
-56.211632	-17.78719	5.670856
-57.161648	-15.85793	8.973985
-58.11166	-14.206372	12.496346
-57.907043	-12.189418	16.296404
-57.556271	-11.356328	20.724934
-56.825489	-10.260158	24.685764
-55.831631	-9.748611	29.187372
-54.983921	-9.777843	32.183571
-53.683132	-10.187079	34.945923
-52.39695	-11.049401	36.52441
-51.388485	-12.116341	37.22596
-49.327682	-13.402514	38.5559
-47.296112	-15.39023	40.38292
-45.0453	-17.319498	41.961414
-42.487576	-18.868752	42.443729
-41.142941	-21.38263	43.9199
-25.0073	-5.43	32.06664
-38.9506	-24.028061	52.89389
-38.541363	-25.153463	52.93774
-37.869045	-26.425022	53.522362
-37.518269	-27.418884	53.814674
-36.159019	-28.719673	54.063141
-35.325928	-31.423559	54.501606
-34.25898	-34.75591	53.726982
-33.952061	-37.547501	52.791584
-32.636658	-40.9821	51.461559
-30.254311	-44.066063	49.40075
-27.9742	-47.836891	47.997662
-26.249636	-51.081554	45.863785
-24.159603	-54.428528	43.042969
-22.274189	-56.942413	38.804443
-20.242619	-58.66705	36.509792
-19.087986	-60.143234	33.659748
-17.451038	-60.771706	32.22741
-15.28792	-61.180943	30.546623
-13.446361	-62.116344	28.982752
-11.590178	-62.189419	26.761181
-9.938614	-62.642502	23.794212
-8.710903	-62.905586	20.520315
-7.658579	-62.934814	16.5448
-7.0008	-62.584042	12.101725
-5.846244	-61.414791	6.95703
-4.720842	-60.88863	2.221573
-3.610055	-59.660919	-1.885414
-1.987723	-57.585503	-6.313943
-1.651564	-56.021629	-9.733995
13.72405	-38.322128	-23.808828
14.600994	-36.056709	-26.746565
-0.029231	-50.453083	-9.251681
0.570009	-47.26688	-11.005553
1.490792	-44.314529	-12.452499
2.148495	-40.192924	-13.066355
1.344636	-34.682838	-15.828705
-1.710026	-30.678165	-18.707981
-6.211634	-26.351944	-19.219526
-7.950891	-22.610348	-20.403391
-9.39783	-18.532593	-19.833382
-10.42093	-15.872552	-20.505699
-10.669394	-13.402514	-18.85413
-11.356328	-11.166326	-18.664133
-12.087109	-8.79859	-17.655655
-13.300204	-7.453961	-17.30488
-14.45483	-6.153172	-16.559486
-14.981	-4.399299	-15.594855
-15.974861	-2.703888	-14.79099
-16.12101	-1.154633	-13.665594
-17.202572	-0.701549	-13.650979
-18.152588	0.073078	-12.744811
-17.655655	-0.584624	-13.694826
-18.5179	-0.511546	-14.440222
-19.35106	-0.292312	-16.661795
-20.403391	-1.768489	-18.64951
-20.73955	-1.812336	-20.14031
-20.403391	-2.484653	-21.572639
-18.664133	-2.67465	-23.34112
-17.071033	-3.025431	-24.188833
-2.616194	-5.02	-27.009645
-0.23385	12.29172	-39.023678
-15.01023	-6.72318	-18.576441
-14.045601	-8.126279	-19.380299
-13.080971	-9.500146	-19.58491
-11.955568	-10.114001	-19.731073
-12.262496	-12.043262	-20.988016
-13.183279	-15.799473	-22.025724
-14.074832	-19.789536	-22.595732
-13.987139	-23.34112	-22.434959
-14.060216	-26.8781	-22.24495
-13.914061	-29.43583	-22.098803
-13.446361	-31.993568	-20.505699
-13.314821	-34.989769	-20.081848
-12.247881	-38.380589	-19.117216
-11.268635	-41.435253	-17.231804
-10.5524	-43.729904	-16.091785
-9.470915	-46.360714	-14.074832
-9.266296	-49.064602	-11.575562
-8.184741	-51.92926	-8.973985
-7.249342	-53.71236	-6.796259
-6.313943	-54.633148	-5.02
-5.685472	-55.334698	-3.580824
-5.56854	-55.933941	-2.338498
-5.290851	-56.007015	-3.010816
-4.647764	-55.860859	-3.82929
-4.486992	-56.255486	-3.785443
-4.165449	-56.474716	-5.232388
-3.624671	-56.708561	-5.15931
-3.536978	-57.424728	-4.589301
-3.113125	-57.4978	-5.787781
12.379421	-40.952938	-17.5825
12.613271	-41.332943	-16.997953
-2.4408	-58.36013	4.56
-2.20695	-58.287048	5.860859
-1.403099	-58.477055	6.869336
-1.5638	-58.272434	0.629348
-2.192341	-58.36013	0.512424
-1.783104	-58.637829	0.36626
-2.148495	-58.681671	6.635486
-2.07541	-58.477055	6.708565
-3.010816	-59.178604	0.015493
-3.902368	-59.543991	8.038585
-4.954691	-60.099388	8.228588
-5.743935	-60.260159	8.9886
-6.021631	-60.157848	8.53551
-6.898568	-60.713242	8.53551
-6.796259	-60.289391	0.643963
-7.380883	-60.508621	0.263958
-7.687811	-60.18	5.846244
-8.228588	-60.333233	5.729319
-9.178602	-60.026306	5.07161
-10.201695	-60.420929	5.20315
-10.874014	-60.713242	5.20315
-12.101725	-61.151	4.676995
-12.510962	-60.990936	3.449284
-12.744811	-61.370945	3.478515
-13.05174	-60.990936	2.835428
-12.774043	-61.50248	1.4761
-11.867875	-61.370945	2.133879
-10.859398	-61.4001	1.081555
4.866998	-60.917862	-0.13154
6.883952	-63.402515	-0.847705
8.389359	-43.802982	-10.976323
-5.890091	-59.617073	0.32242
-4.180064	-58.287048	4.545455
-2.9962	-57.030106	2.104648
-2.16311	-55.787785	0.482315
-2.426191	-54.940075	-1.5638
-3.420053	-54.10698	-3.756212
-4.545455	-53.24466	-5.612394
-5.115463	-52.382343	-6.986261
-6.138556	-51.856186	-8.140895
-6.986261	-51.154633	-8.842443
-7.263958	-50.628471	-9.441684
-7.819351	-49.809998	-9.456299
-8.769365	-49.4446	-10.713242
-8.813212	-48.596901	-11.210173
-8.915522	-48.085358	-11.020169
-8.740134	-47.909969	-11.765566
-8.886291	-47.544579	-11.575562
-7.570886	-47.661503	-11.970184
-7.497808	-47.98304	-11.049401
-6.971645	-47.690735	-11.604795
-5.80239	-47.42765	-11.327098
-4.92546	-47.36919	-12.700965
-3.59544	-46.901493	-13.650979
-2.776966	-46.083015	-14.381761
-1.885414	-45.08915	-16.12101
-1.680795	-45.001461	-16.661795
-0.979246	-43.759136	-19.409531
-0.336159	-42.70681	-20.081848
0.77462	-41.917568	-22.084185
15.81409	-24.218065	-33.338203
1.461561	-39.944462	-13.957908
1.359252	-38.731365	-13.007893
2.294651	-36.904411	-13.914061
2.250804	-35.76439	-13.636364
3.010816	-35.25285	-13.197896
3.551593	-34.638996	-12.16018
4.823151	-34.712074	-11.414791
6.562409	-35.399006	-9.967846
7.83396	-36.144402	-7.863198
10.157849	-35.910553	-5.466238
12.01403	-35.998245	-4.048524
13.884829	-34.785152	-2.16311
15.901783	-33.557438	0.219234
17.509501	-32.709732	3.17158
18.868752	-31.672024	4.998538
20.388775	-31.175095	0.980123
21.689564	-30.736628	10.757089
22.288803	-30.678165	14.484069
22.5665	-30.999708	18.386436
22.756504	-31.598946	22.230343
22.712656	-32.315109	25.898859
21.689564	-32.768196	29.421223
20.315699	-33.352821	31.774336
17.947969	-33.805904	34.30283
15.901783	-34.60976	36.714409
13.110201	-34.945923	39.228294
10.479392	-35.779011	39.345219
7.395498	-36.962875	40.236774
3.990061	-38.263668	41.069862
17.187958	-21.558023	30.532009
-2.543116	-39.389069	52.119263
-6.606256	-39.827534	53.171585
-10.83016	-39.62291	53.94621
-15.667933	-39.944462	54.150833
-19.4533	-40.353699	53.405441
-22.858814	-41.230633	51.593102
-27.389652	-42.721428	49.210758
-31.935108	-44.28529	46.360714
-35.866703	-45.074539	42.385269
-39.301376	-45.615318	39.05291
-41.756798	-46.6091	34.638996
-43.978371	-47.20842	29.815844
-45.308392	-47.544579	24.14498
-47.076878	-47.237648	20.271851
-47.544579	-46.448406	16.82256
-48.7869	-45.206078	13.914061
-49.254604	-43.247589	10.625548
-49.912308	-41.274483	8.097048
-50.511543	-39.389069	5.407775
-50.453083	-36.875183	2.265419
-49.166908	-36.305176	-0.789243
-47.529964	-35.048233	-4.852383
-44.88453	-34.507454	-9.704765
-41.6398	-33.440514	-15.068693
-37.825195	-32.43203	-19.482609
-33.820518	-31.13124	-21.73341
-31.701258	-31.832796	-24.554224
-31.204325	-33.104355	-25.475008
-31.408945	-34.39053	-25.97193
-17.392576	-17.831043	-37.167496
-32.62204	-35.165154	-16.427944
-32.943581	-36.159019	-16.501022
-32.972816	-37.021339	-14.907922
-32.052032	-38.175972	-14.527915
-30.268929	-39.81292	-14.834844
-27.46273	-40.602161	-15.989476
-22.595732	-39.374454	-18.181818
-17.597195	-37.79596	-18.693365
-13.797135	-37.401344	-18.181818
-11.312482	-37.69365	-17.933352
-9.076294	-38.263668	-17.173342
-7.702426	-38.906754	-17.202572
-5.75855	-39.72522	-16.033323
-3.858521	-40.251389	-14.703303
-0.935399	-41.011398	-14.118679
1.4761	-41.815262	-11.064016
4.662379	-42.54604	-9.03244
7.570886	-43.627594	-5.963169
10.523239	-44.88453	-1.446945
11.867875	-46.170712	2.689272
12.788658	-47.632271	5.890091
13.563286	-49.020756	8.79859
13.82636	-49.590763	11.180941
14.001754	-49.6053	14.367144
13.665594	-49.912308	18.137972
13.037125	-49.181526	23.574978
12.496346	-48.348434	26.4981
10.932476	-46.492256	29.391993
10.143233	-45.293774	31.145864
24.685764	-27.63811	21.806488
7.907045	-42.078339	44.869919
6.430868	-41.084476	46.81379
4.83776	-39.169834	49.6053
3.317743	-37.679039	51.052326
1.19848	-36.407482	53.273899
-1.520023	-34.668224	54.603916
-3.288512	-32.16895	55.948555
-4.60391	-30.254311	57.410114
-6.737796	-28.16428	58.345516
-9.251681	-26.220402	58.46243
-11.28325	-25.43116	58.944756
-13.037125	-23.662672	58.754749
-14.133294	-23.136511	59.2663
-15.72639	-21.83572	58.652443
-17.421806	-20.271851	58.740131
-18.64951	-18.83952	57.877815
-19.90646	-17.494884	57.468575
-20.534931	-16.296404	57.673191
-21.821106	-14.92253	57.439346
-22.361881	-14.17714	56.942413
-23.355743	-14.220989	56.474716
-23.209589	-13.621748	56.59164
-23.764982	-13.38789	54.647762
-24.598	-12.657118	52.864658
-25.270388	-12.350189	50.833088
-26.191172	-12.627886	50.453083
-25.97193	-12.554808	48.465363
-26.308098	-12.437883	47.10611
-26.088863	-12.350189	45.49839
-11.297866	4.881614	34.931309
-26.746565	-11.867875	55.451618
-27.19965	-11.546331	56.050861
-27.681965	-11.707104	56.021629
-27.901199	-12.277112	55.597775
-29.333529	-12.598655	55.451618
-29.46506	-13.25635	55.627014
-30.385853	-13.329436	55.510086
-30.590471	-12.803274	55.07161
-31.16048	-12.554808	54.530842
-32.081264	-12.277112	54.238529
-32.388191	-12.174803	53.536976
-35.384388	-12.437883	52.455425
-36.787491	-11.692488	52.119263
-37.48904	-10.947091	50.920784
-38.979832	-9.807074	49.780766
-39.97369	-8.25782	48.260742
-40.68985	-7.103186	46.930721
-41.581409	-5.232388	45.922245
-42.195263	-3.946214	43.700672
-43.189125	-2.177726	41.596024
-43.934521	-1.19848	38.643669
-45.249928	0.219234	35.004383
-46.769951	0.438468	31.52586
-48.1292	0.526162	27.857351
-49.152294	0.935399	24.261911
-49.663841	0.613856	21.14878
-50.10231	1.256942	16.41333
-50.029228	1.286174	12.876352
-50.61385	1.622333	8.491669
-35.822861	18.64951	-3.493131
-50.833088	1.5638	14.220989
-50.540775	1.183864	10.771705
-49.473839	1.578486	8.038585
-48.74305	1.505408	6.95703
-48.114586	1.256942	5.042385
-48.304592	0.306928	4.940076
-48.465363	-1.315405	2.835428
-49.064602	-3.054662	1.490792
-49.0353	-4.60391	-0.613856
-48.421513	-5.860859	-3.332359
-47.223034	-8.06781	-5.539316
-46.141479	-9.82169	-8.053201
-44.358376	-11.38556	-9.646302
-43.042969	-12.744811	-11.45863
-42.239113	-14.65945	-12.437883
-40.865246	-16.457176	-13.183279
-39.710609	-17.743351	-14.118679
-38.088276	-18.211048	-15.21485
-36.9921	-19.17568	-16.603333
-34.887459	-20.301081	-17.68488
-32.62204	-21.441099	-19.117216
-30.327389	-22.493423	-21.046478
-27.652735	-23.86729	-23.618824
-25.168079	-24.627302	-25.241158
-22.464191	-26.23502	-26.191172
-20.754166	-27.0388	-27.375036
-18.07951	-27.901199	-29.143524
-17.55334	-28.266588	-30.078924
-16.530254	-28.281202	-31.65741
-0.657702	-12.306343	-41.74218
-15.434083	-30.707396	-21.163403
-14.352529	-33.060509	-20.432623
-13.344051	-36.085938	-19.102602
-10.903244	-37.825195	-17.714119
-8.520901	-40.441391	-15.931015
-6.781643	-42.25372	-15.01023
-5.217772	-43.686058	-13.022508
-4.443145	-45.483776	-12.204034
-3.259281	-46.141479	-11.166326
-2.76235	-47.544579	-9.71938
-1.096171	-49.561531	-6.95703
0.306928	-51.140015	-3.87313
2.280035	-53.24466	-1.344636
3.72698	-53.30312	2.104648
6.22625	-54.355453	6.927799
8.111663	-55.276234	10.990938
9.441684	-55.26162	16.062555
10.771705	-54.121601	21.236481
12.072494	-52.689274	26.67348
12.233266	-50.760014	30.575853
12.89096	-48.377666	34.989769
12.68635	-45.703011	38.365974
12.671733	-42.955276	39.871384
12.16018	-39.91523	41.084476
11.064016	-35.705933	42.736042
9.777843	-32.27126	43.802982
9.178602	-28.16428	43.028355
8.213972	-25.781935	42.472961
6.693949	-23.238819	43.013741
21.397253	-5.20315	32.943581
5.15931	-20.14031	53.025429
4.83776	-18.576441	53.288513
5.115463	-16.997953	53.39082
5.33469	-15.638701	52.5285
5.422391	-13.987139	52.07541
5.846244	-13.285589	51.841568
6.021631	-12.116341	51.300789
6.12394	-11.897106	51.344635
6.430868	-12.233266	50.511543
7.760888	-13.212511	50.80386
9.017831	-14.966384	49.4446
10.36246	-16.033323	48.64074
12.29172	-18.254896	47.223034
14.834844	-20.271851	44.98684
16.72025	-22.230343	42.80912
18.781059	-24.291143	39.155216
20.330313	-26.23502	35.369774
22.274189	-27.623501	31.277403
23.063431	-29.567379	27.170416
23.63344	-30.60508	21.368021
23.472668	-31.52586	16.28179
22.77112	-31.087402	9.807074
21.645718	-30.561239	4.180064
19.71645	-29.187372	-2.294651
17.728733	-28.16428	-7.132418
15.11254	-26.395792	-10.742473
